0	4	22
0	5	6
0	7	14
0	14	26
0	16	4
0	19	9
0	20	17
0	26	16
0	27	10
0	29	28
0	30	38
0	33	8
0	34	7
1	2	13
1	3	13
1	4	26
1	5	14
1	6	40
1	7	7
1	10	1
1	17	1
1	23	34
1	24	12
1	25	12
1	28	1
1	36	9
1	37	28
1	38	17
1	39	1
1	40	43
1	41	45
1	43	1
1	47	1
2	4	25
2	5	14
2	8	11
2	9	9
2	10	1
2	12	13
2	13	15
2	15	37
2	17	1
2	18	30
2	28	1
2	31	8
2	35	9
2	39	1
2	42	38
2	43	1
2	44	47
2	45	36
2	47	1
3	4	26
3	6	36
3	7	9
3	8	14
3	19	14
3	23	53
3	24	16
3	25	20
3	36	6
3	37	37
3	38	20
3	40	40
3	41	45
3	46	7
4	5	26
4	6	24
4	7	23
4	8	26
4	9	15
4	10	48
4	11	29
4	12	10
4	13	1
4	14	25
4	15	34
4	16	16
4	17	45
4	18	47
4	19	25
4	20	25
4	21	15
4	22	16
4	23	48
4	24	63
4	25	29
4	26	35
4	27	15
4	28	46
4	29	25
4	30	82
4	31	16
4	32	16
4	33	13
4	34	23
4	35	23
4	36	15
4	37	45
4	38	25
4	39	39
4	40	46
4	41	24
4	42	38
4	43	25
4	44	24
4	45	24
4	46	7
4	47	25
5	10	2
5	11	2
5	14	38
5	16	6
5	17	5
5	19	13
5	20	18
5	21	2
5	22	1
5	26	32
5	27	11
5	28	3
5	29	45
5	30	55
5	33	11
5	34	10
5	39	4
5	43	2
5	47	3
6	7	25
6	14	28
6	20	1
6	23	130
6	24	30
6	25	43
6	36	29
6	37	83
6	38	72
6	40	109
6	41	133
6	43	29
6	44	1
6	45	28
7	23	18
7	24	10
7	25	7
7	36	11
7	37	9
7	38	15
7	40	21
7	41	29
8	9	9
8	12	16
8	13	23
8	15	27
8	18	43
8	19	14
8	31	11
8	35	30
8	42	52
8	44	46
8	45	39
8	46	7
9	12	16
9	13	15
9	15	16
9	18	28
9	21	11
9	31	15
9	35	12
9	36	11
9	39	1
9	42	34
9	44	43
9	45	31
10	11	12
10	17	29
10	21	8
10	22	11
10	28	39
10	32	8
10	33	13
10	39	38
10	43	45
10	46	12
10	47	24
11	12	10
11	17	49
11	21	15
11	22	28
11	25	20
11	28	52
11	32	11
11	39	49
11	43	45
11	46	18
11	47	47
12	13	30
12	15	23
12	18	49
12	25	10
12	31	13
12	35	18
12	42	46
12	44	54
12	45	46
13	15	51
13	18	95
13	20	15
13	23	1
13	31	13
13	35	22
13	38	15
13	39	1
13	42	81
13	44	80
13	45	76
14	16	42
14	19	41
14	20	80
14	26	89
14	27	29
14	29	131
14	30	150
14	33	35
14	34	50
14	38	1
14	41	1
14	43	29
14	44	1
14	45	28
15	18	63
15	20	1
15	26	45
15	31	14
15	35	17
15	38	1
15	42	72
15	44	84
15	45	70
16	19	10
16	20	12
16	26	14
16	27	9
16	29	27
16	30	31
16	31	11
16	32	10
16	33	8
16	34	6
16	43	1
17	21	24
17	22	41
17	23	1
17	28	81
17	32	28
17	37	27
17	39	101
17	40	1
17	42	1
17	43	119
17	46	47
17	47	103
18	23	38
18	31	23
18	35	48
18	38	1
18	41	1
18	42	104
18	44	150
18	45	131
19	20	23
19	26	26
19	27	15
19	29	48
19	30	47
19	33	13
19	34	33
19	46	7
20	26	55
20	27	18
20	29	76
20	30	94
20	33	22
20	34	25
20	38	33
20	40	1
20	41	1
20	42	1
20	44	2
20	45	1
21	22	16
21	28	32
21	32	13
21	36	11
21	39	34
21	43	38
21	46	8
21	47	46
22	24	16
22	28	43
22	32	11
22	39	48
22	43	38
22	46	20
22	47	59
23	24	43
23	25	43
23	36	26
23	37	104
23	38	86
23	40	106
23	41	150
23	44	1
24	25	25
24	26	1
24	27	15
24	29	1
24	36	10
24	37	31
24	38	22
24	40	32
24	41	53
25	36	14
25	37	42
25	38	26
25	40	56
25	41	46
26	27	27
26	29	80
26	30	111
26	33	21
26	34	21
26	38	1
27	29	51
27	30	53
27	33	12
27	34	11
28	29	1
28	32	31
28	39	98
28	40	32
28	41	1
28	42	1
28	43	128
28	44	1
28	46	36
28	47	116
29	30	176
29	33	24
29	34	57
29	38	1
29	40	1
29	41	31
29	43	1
29	44	32
29	45	1
29	47	31
30	33	38
30	34	58
31	32	10
31	35	9
31	39	1
31	42	34
31	43	1
31	44	38
31	45	41
32	39	31
32	43	42
32	46	9
32	47	36
33	34	12
34	35	15
35	42	44
35	44	52
35	45	42
36	37	22
36	38	15
36	40	33
36	41	41
37	38	58
37	40	76
37	41	82
38	40	79
38	41	68
38	42	1
38	44	2
38	45	1
39	42	59
39	43	157
39	46	65
39	47	149
40	41	135
40	44	1
40	47	1
41	43	1
41	44	31
41	45	1
41	47	31
42	43	1
42	44	148
42	45	127
43	44	1
43	45	28
43	46	43
43	47	157
44	45	143
44	47	31
46	47	49
