#module 0 size: 13 bs: 2.2315e-05
2 4 8 9 12 13 15 18 31 35 42 44 45 
#module 1 size: 9 bs: 5.95293e-101
1 3 6 23 36 37 38 40 41 
#module 2 size: 3 bs: 0.000111396
4 7 24 
#module 3 size: 13 bs: 5.65435e-101
0 4 5 14 16 19 20 26 27 29 30 33 34 
#module 4 size: 11 bs: 8.55157e-101
10 11 17 21 22 28 32 39 43 46 47 
#module 0 size: 13 bs: 2.2315e-05
2 4 8 9 12 13 15 18 31 35 42 44 45 
#module 1 size: 9 bs: 2.0744e-101
1 3 6 23 36 37 38 40 41 
#module 2 size: 3 bs: 0.000111396
4 7 24 
#module 3 size: 11 bs: 4.5068e-101
10 11 17 21 22 28 32 39 43 46 47 
#module 4 size: 13 bs: 3.05331e-101
0 4 5 14 16 19 20 26 27 29 30 33 34 
#module 0 size: 13 bs: 2.2315e-05
2 4 8 9 12 13 15 18 31 35 42 44 45 
#module 1 size: 9 bs: 9.26234e-101
1 3 6 23 36 37 38 40 41 
#module 2 size: 3 bs: 0.000111396
4 7 24 
#module 3 size: 13 bs: 6.34655e-103
0 4 5 14 16 19 20 26 27 29 30 33 34 
#module 4 size: 11 bs: 2.6141e-101
10 11 17 21 22 28 32 39 43 46 47 
#module 0 size: 13 bs: 7.11578e-101
2 4 8 9 12 13 15 18 31 35 42 44 45 
#module 1 size: 9 bs: 7.17691e-101
1 3 6 23 36 37 38 40 41 
#module 2 size: 3 bs: 7.59283e-05
4 7 24 
#module 3 size: 11 bs: 5.58842e-101
10 11 17 21 22 28 32 39 43 46 47 
#module 4 size: 13 bs: 5.53808e-101
0 4 5 14 16 19 20 26 27 29 30 33 34 
#module 0 size: 13 bs: 2.2315e-05
2 4 8 9 12 13 15 18 31 35 42 44 45 
#module 1 size: 3 bs: 0.000111396
4 7 24 
#module 2 size: 9 bs: 5.2034e-101
1 3 6 23 36 37 38 40 41 
#module 3 size: 13 bs: 7.03804e-101
0 4 5 14 16 19 20 26 27 29 30 33 34 
#module 4 size: 11 bs: 9.58479e-101
10 11 17 21 22 28 32 39 43 46 47 
#module 0 size: 13 bs: 2.2315e-05
2 4 8 9 12 13 15 18 31 35 42 44 45 
#module 1 size: 9 bs: 9.55058e-101
1 3 6 23 36 37 38 40 41 
#module 2 size: 3 bs: 0.000111396
4 7 24 
#module 3 size: 11 bs: 3.58832e-101
10 11 17 21 22 28 32 39 43 46 47 
#module 4 size: 13 bs: 9.21234e-101
0 4 5 14 16 19 20 26 27 29 30 33 34 
#module 0 size: 13 bs: 2.2315e-05
2 4 8 9 12 13 15 18 31 35 42 44 45 
#module 1 size: 9 bs: 5.57256e-101
1 3 6 23 36 37 38 40 41 
#module 2 size: 3 bs: 0.000111396
4 7 24 
#module 3 size: 13 bs: 1.23362e-101
0 4 5 14 16 19 20 26 27 29 30 33 34 
#module 4 size: 11 bs: 3.89879e-101
10 11 17 21 22 28 32 39 43 46 47 
#module 0 size: 13 bs: 2.2315e-05
2 4 8 9 12 13 15 18 31 35 42 44 45 
#module 1 size: 9 bs: 8.89342e-101
1 3 6 23 36 37 38 40 41 
#module 2 size: 3 bs: 0.000111396
4 7 24 
#module 3 size: 11 bs: 5.12623e-101
10 11 17 21 22 28 32 39 43 46 47 
#module 4 size: 13 bs: 8.53712e-101
0 4 5 14 16 19 20 26 27 29 30 33 34 
#module 0 size: 13 bs: 2.2315e-05
2 4 8 9 12 13 15 18 31 35 42 44 45 
#module 1 size: 9 bs: 2.43037e-101
1 3 6 23 36 37 38 40 41 
#module 2 size: 3 bs: 0.000111396
4 7 24 
#module 3 size: 11 bs: 5.80598e-101
10 11 17 21 22 28 32 39 43 46 47 
#module 4 size: 13 bs: 6.23511e-101
0 4 5 14 16 19 20 26 27 29 30 33 34 
#module 0 size: 13 bs: 2.2315e-05
2 4 8 9 12 13 15 18 31 35 42 44 45 
#module 1 size: 9 bs: 3.37349e-101
1 3 6 23 36 37 38 40 41 
#module 2 size: 3 bs: 0.000111396
4 7 24 
#module 3 size: 13 bs: 7.87918e-101
0 4 5 14 16 19 20 26 27 29 30 33 34 
#module 4 size: 11 bs: 4.9866e-101
10 11 17 21 22 28 32 39 43 46 47 
#module 0 size: 13 bs: 2.2315e-05
2 4 8 9 12 13 15 18 31 35 42 44 45 
#module 1 size: 9 bs: 5.37088e-101
1 3 6 23 36 37 38 40 41 
#module 2 size: 3 bs: 0.000111396
4 7 24 
#module 3 size: 11 bs: 2.96755e-101
10 11 17 21 22 28 32 39 43 46 47 
#module 4 size: 13 bs: 2.19931e-101
0 4 5 14 16 19 20 26 27 29 30 33 34 
#module 0 size: 13 bs: 2.2315e-05
2 4 8 9 12 13 15 18 31 35 42 44 45 
#module 1 size: 9 bs: 2.72032e-101
1 3 6 23 36 37 38 40 41 
#module 2 size: 3 bs: 0.000111396
4 7 24 
#module 3 size: 11 bs: 8.17429e-101
10 11 17 21 22 28 32 39 43 46 47 
#module 4 size: 13 bs: 7.43575e-103
0 4 5 14 16 19 20 26 27 29 30 33 34 
#module 0 size: 13 bs: 6.1393e-101
2 4 8 9 12 13 15 18 31 35 42 44 45 
#module 1 size: 9 bs: 3.98357e-101
1 3 6 23 36 37 38 40 41 
#module 2 size: 3 bs: 7.59283e-05
4 7 24 
#module 3 size: 13 bs: 6.88551e-101
0 4 5 14 16 19 20 26 27 29 30 33 34 
#module 4 size: 11 bs: 3.89192e-101
10 11 17 21 22 28 32 39 43 46 47 
#module 0 size: 13 bs: 2.2315e-05
2 4 8 9 12 13 15 18 31 35 42 44 45 
#module 1 size: 9 bs: 5.11667e-101
1 3 6 23 36 37 38 40 41 
#module 2 size: 3 bs: 0.000111396
4 7 24 
#module 3 size: 11 bs: 8.77876e-101
10 11 17 21 22 28 32 39 43 46 47 
#module 4 size: 13 bs: 1.94701e-102
0 4 5 14 16 19 20 26 27 29 30 33 34 
#module 0 size: 13 bs: 2.2315e-05
2 4 8 9 12 13 15 18 31 35 42 44 45 
#module 1 size: 9 bs: 4.83889e-101
1 3 6 23 36 37 38 40 41 
#module 2 size: 3 bs: 0.000111396
4 7 24 
#module 3 size: 11 bs: 5.83698e-101
10 11 17 21 22 28 32 39 43 46 47 
#module 4 size: 13 bs: 4.0612e-101
0 4 5 14 16 19 20 26 27 29 30 33 34 
#module 0 size: 13 bs: 6.25796e-101
2 4 8 9 12 13 15 18 31 35 42 44 45 
#module 1 size: 9 bs: 2.46499e-101
1 3 6 23 36 37 38 40 41 
#module 2 size: 3 bs: 7.59283e-05
4 7 24 
#module 3 size: 13 bs: 4.20572e-101
0 4 5 14 16 19 20 26 27 29 30 33 34 
#module 4 size: 11 bs: 2.19806e-102
10 11 17 21 22 28 32 39 43 46 47 
#module 0 size: 13 bs: 2.2315e-05
2 4 8 9 12 13 15 18 31 35 42 44 45 
#module 1 size: 3 bs: 0.000111396
4 7 24 
#module 2 size: 9 bs: 7.90574e-101
1 3 6 23 36 37 38 40 41 
#module 3 size: 13 bs: 5.83889e-101
0 4 5 14 16 19 20 26 27 29 30 33 34 
#module 4 size: 11 bs: 5.48062e-101
10 11 17 21 22 28 32 39 43 46 47 
#module 0 size: 13 bs: 7.84798e-101
2 4 8 9 12 13 15 18 31 35 42 44 45 
#module 1 size: 9 bs: 4.73755e-101
1 3 6 23 36 37 38 40 41 
#module 2 size: 3 bs: 7.59283e-05
4 7 24 
#module 3 size: 13 bs: 4.98025e-101
0 4 5 14 16 19 20 26 27 29 30 33 34 
#module 4 size: 11 bs: 5.20041e-101
10 11 17 21 22 28 32 39 43 46 47 
#module 0 size: 13 bs: 2.2315e-05
2 4 8 9 12 13 15 18 31 35 42 44 45 
#module 1 size: 9 bs: 9.06258e-101
1 3 6 23 36 37 38 40 41 
#module 2 size: 3 bs: 0.000111396
4 7 24 
#module 3 size: 11 bs: 9.08907e-103
10 11 17 21 22 28 32 39 43 46 47 
#module 4 size: 13 bs: 3.51779e-101
0 4 5 14 16 19 20 26 27 29 30 33 34 
#module 0 size: 13 bs: 2.2315e-05
2 4 8 9 12 13 15 18 31 35 42 44 45 
#module 1 size: 3 bs: 0.000111396
4 7 24 
#module 2 size: 9 bs: 9.77816e-101
1 3 6 23 36 37 38 40 41 
#module 3 size: 11 bs: 9.89864e-102
10 11 17 21 22 28 32 39 43 46 47 
#module 4 size: 13 bs: 2.34852e-101
0 4 5 14 16 19 20 26 27 29 30 33 34 
#module 0 size: 13 bs: 2.2315e-05
2 4 8 9 12 13 15 18 31 35 42 44 45 
#module 1 size: 9 bs: 2.59198e-101
1 3 6 23 36 37 38 40 41 
#module 2 size: 3 bs: 0.000111396
4 7 24 
#module 3 size: 13 bs: 9.51135e-101
0 4 5 14 16 19 20 26 27 29 30 33 34 
#module 4 size: 11 bs: 6.77141e-101
10 11 17 21 22 28 32 39 43 46 47 
#module 0 size: 13 bs: 2.2315e-05
2 4 8 9 12 13 15 18 31 35 42 44 45 
#module 1 size: 9 bs: 5.12635e-101
1 3 6 23 36 37 38 40 41 
#module 2 size: 3 bs: 0.000111396
4 7 24 
#module 3 size: 11 bs: 7.39861e-101
10 11 17 21 22 28 32 39 43 46 47 
#module 4 size: 13 bs: 6.94072e-101
0 4 5 14 16 19 20 26 27 29 30 33 34 
#module 0 size: 13 bs: 2.2315e-05
2 4 8 9 12 13 15 18 31 35 42 44 45 
#module 1 size: 9 bs: 5.28115e-101
1 3 6 23 36 37 38 40 41 
#module 2 size: 3 bs: 0.000111396
4 7 24 
#module 3 size: 11 bs: 4.23522e-101
10 11 17 21 22 28 32 39 43 46 47 
#module 4 size: 13 bs: 2.98445e-101
0 4 5 14 16 19 20 26 27 29 30 33 34 
#module 0 size: 13 bs: 2.2315e-05
2 4 8 9 12 13 15 18 31 35 42 44 45 
#module 1 size: 9 bs: 8.56586e-101
1 3 6 23 36 37 38 40 41 
#module 2 size: 3 bs: 0.000111396
4 7 24 
#module 3 size: 13 bs: 2.4858e-101
0 4 5 14 16 19 20 26 27 29 30 33 34 
#module 4 size: 11 bs: 2.85936e-101
10 11 17 21 22 28 32 39 43 46 47 
#module 0 size: 13 bs: 2.2315e-05
2 4 8 9 12 13 15 18 31 35 42 44 45 
#module 1 size: 9 bs: 8.22477e-101
1 3 6 23 36 37 38 40 41 
#module 2 size: 3 bs: 0.000111396
4 7 24 
#module 3 size: 13 bs: 5.73849e-101
0 4 5 14 16 19 20 26 27 29 30 33 34 
#module 4 size: 11 bs: 2.21792e-101
10 11 17 21 22 28 32 39 43 46 47 
#module 0 size: 13 bs: 6.96151e-101
2 4 8 9 12 13 15 18 31 35 42 44 45 
#module 1 size: 9 bs: 8.49258e-101
1 3 6 23 36 37 38 40 41 
#module 2 size: 3 bs: 7.59283e-05
4 7 24 
#module 3 size: 13 bs: 2.10543e-101
0 4 5 14 16 19 20 26 27 29 30 33 34 
#module 4 size: 11 bs: 2.69155e-101
10 11 17 21 22 28 32 39 43 46 47 
#module 0 size: 13 bs: 2.2315e-05
2 4 8 9 12 13 15 18 31 35 42 44 45 
#module 1 size: 9 bs: 6.17743e-101
1 3 6 23 36 37 38 40 41 
#module 2 size: 3 bs: 0.000111396
4 7 24 
#module 3 size: 13 bs: 9.40427e-101
0 4 5 14 16 19 20 26 27 29 30 33 34 
#module 4 size: 11 bs: 9.39298e-101
10 11 17 21 22 28 32 39 43 46 47 
#module 0 size: 13 bs: 1.56696e-101
2 4 8 9 12 13 15 18 31 35 42 44 45 
#module 1 size: 9 bs: 9.88713e-101
1 3 6 23 36 37 38 40 41 
#module 2 size: 3 bs: 7.59283e-05
4 7 24 
#module 3 size: 13 bs: 8.66311e-101
0 4 5 14 16 19 20 26 27 29 30 33 34 
#module 4 size: 11 bs: 6.83998e-101
10 11 17 21 22 28 32 39 43 46 47 
#module 0 size: 13 bs: 2.2315e-05
2 4 8 9 12 13 15 18 31 35 42 44 45 
#module 1 size: 9 bs: 1.76519e-102
1 3 6 23 36 37 38 40 41 
#module 2 size: 3 bs: 0.000111396
4 7 24 
#module 3 size: 11 bs: 5.07079e-101
10 11 17 21 22 28 32 39 43 46 47 
#module 4 size: 13 bs: 3.35001e-101
0 4 5 14 16 19 20 26 27 29 30 33 34 
#module 0 size: 13 bs: 5.82704e-101
2 4 8 9 12 13 15 18 31 35 42 44 45 
#module 1 size: 9 bs: 8.0881e-101
1 3 6 23 36 37 38 40 41 
#module 2 size: 3 bs: 7.59282e-05
4 7 24 
#module 3 size: 13 bs: 7.69391e-101
0 4 5 14 16 19 20 26 27 29 30 33 34 
#module 4 size: 11 bs: 1.73964e-101
10 11 17 21 22 28 32 39 43 46 47 
#module 0 size: 13 bs: 2.2315e-05
2 4 8 9 12 13 15 18 31 35 42 44 45 
#module 1 size: 9 bs: 9.16032e-101
1 3 6 23 36 37 38 40 41 
#module 2 size: 3 bs: 0.000111396
4 7 24 
#module 3 size: 11 bs: 5.43586e-101
10 11 17 21 22 28 32 39 43 46 47 
#module 4 size: 13 bs: 4.41175e-101
0 4 5 14 16 19 20 26 27 29 30 33 34 
#module 0 size: 13 bs: 2.2315e-05
2 4 8 9 12 13 15 18 31 35 42 44 45 
#module 1 size: 9 bs: 2.58818e-101
1 3 6 23 36 37 38 40 41 
#module 2 size: 3 bs: 0.000111396
4 7 24 
#module 3 size: 13 bs: 8.64081e-102
0 4 5 14 16 19 20 26 27 29 30 33 34 
#module 4 size: 11 bs: 1.85613e-101
10 11 17 21 22 28 32 39 43 46 47 
#module 0 size: 13 bs: 2.2315e-05
2 4 8 9 12 13 15 18 31 35 42 44 45 
#module 1 size: 9 bs: 3.7787e-101
1 3 6 23 36 37 38 40 41 
#module 2 size: 3 bs: 0.000111396
4 7 24 
#module 3 size: 11 bs: 1.13845e-101
10 11 17 21 22 28 32 39 43 46 47 
#module 4 size: 13 bs: 4.83672e-102
0 4 5 14 16 19 20 26 27 29 30 33 34 
#module 0 size: 13 bs: 2.2315e-05
2 4 8 9 12 13 15 18 31 35 42 44 45 
#module 1 size: 9 bs: 3.88852e-101
1 3 6 23 36 37 38 40 41 
#module 2 size: 3 bs: 0.000111396
4 7 24 
#module 3 size: 11 bs: 6.93601e-101
10 11 17 21 22 28 32 39 43 46 47 
#module 4 size: 13 bs: 7.52134e-101
0 4 5 14 16 19 20 26 27 29 30 33 34 
#module 0 size: 13 bs: 2.2315e-05
2 4 8 9 12 13 15 18 31 35 42 44 45 
#module 1 size: 9 bs: 5.46488e-101
1 3 6 23 36 37 38 40 41 
#module 2 size: 3 bs: 0.000111396
4 7 24 
#module 3 size: 11 bs: 8.70421e-102
10 11 17 21 22 28 32 39 43 46 47 
#module 4 size: 13 bs: 9.97187e-103
0 4 5 14 16 19 20 26 27 29 30 33 34 
#module 0 size: 13 bs: 2.2315e-05
2 4 8 9 12 13 15 18 31 35 42 44 45 
#module 1 size: 9 bs: 2.65585e-101
1 3 6 23 36 37 38 40 41 
#module 2 size: 3 bs: 0.000111396
4 7 24 
#module 3 size: 11 bs: 9.47434e-101
10 11 17 21 22 28 32 39 43 46 47 
#module 4 size: 13 bs: 7.0699e-101
0 4 5 14 16 19 20 26 27 29 30 33 34 
#module 0 size: 13 bs: 2.2315e-05
2 4 8 9 12 13 15 18 31 35 42 44 45 
#module 1 size: 9 bs: 1.10561e-101
1 3 6 23 36 37 38 40 41 
#module 2 size: 3 bs: 0.000111396
4 7 24 
#module 3 size: 13 bs: 4.68699e-101
0 4 5 14 16 19 20 26 27 29 30 33 34 
#module 4 size: 11 bs: 8.0776e-101
10 11 17 21 22 28 32 39 43 46 47 
#module 0 size: 13 bs: 2.2315e-05
2 4 8 9 12 13 15 18 31 35 42 44 45 
#module 1 size: 9 bs: 5.65377e-101
1 3 6 23 36 37 38 40 41 
#module 2 size: 3 bs: 0.000111396
4 7 24 
#module 3 size: 13 bs: 9.02535e-101
0 4 5 14 16 19 20 26 27 29 30 33 34 
#module 4 size: 11 bs: 4.47594e-101
10 11 17 21 22 28 32 39 43 46 47 
#module 0 size: 13 bs: 2.2315e-05
2 4 8 9 12 13 15 18 31 35 42 44 45 
#module 1 size: 9 bs: 8.74202e-101
1 3 6 23 36 37 38 40 41 
#module 2 size: 3 bs: 0.000111396
4 7 24 
#module 3 size: 13 bs: 4.99223e-101
0 4 5 14 16 19 20 26 27 29 30 33 34 
#module 4 size: 11 bs: 6.88425e-101
10 11 17 21 22 28 32 39 43 46 47 
#module 0 size: 13 bs: 2.2315e-05
2 4 8 9 12 13 15 18 31 35 42 44 45 
#module 1 size: 9 bs: 4.71257e-101
1 3 6 23 36 37 38 40 41 
#module 2 size: 3 bs: 0.000111396
4 7 24 
#module 3 size: 11 bs: 2.27211e-101
10 11 17 21 22 28 32 39 43 46 47 
#module 4 size: 13 bs: 9.81686e-102
0 4 5 14 16 19 20 26 27 29 30 33 34 
#module 0 size: 13 bs: 2.2315e-05
2 4 8 9 12 13 15 18 31 35 42 44 45 
#module 1 size: 3 bs: 0.000111396
4 7 24 
#module 2 size: 9 bs: 1.83317e-102
1 3 6 23 36 37 38 40 41 
#module 3 size: 13 bs: 8.95021e-101
0 4 5 14 16 19 20 26 27 29 30 33 34 
#module 4 size: 11 bs: 1.14743e-101
10 11 17 21 22 28 32 39 43 46 47 
#module 0 size: 13 bs: 2.2315e-05
2 4 8 9 12 13 15 18 31 35 42 44 45 
#module 1 size: 9 bs: 9.82225e-103
1 3 6 23 36 37 38 40 41 
#module 2 size: 3 bs: 0.000111396
4 7 24 
#module 3 size: 13 bs: 9.50113e-101
0 4 5 14 16 19 20 26 27 29 30 33 34 
#module 4 size: 11 bs: 5.59682e-101
10 11 17 21 22 28 32 39 43 46 47 
#module 0 size: 13 bs: 2.2315e-05
2 4 8 9 12 13 15 18 31 35 42 44 45 
#module 1 size: 9 bs: 2.77162e-101
1 3 6 23 36 37 38 40 41 
#module 2 size: 3 bs: 0.000111396
4 7 24 
#module 3 size: 13 bs: 5.68661e-101
0 4 5 14 16 19 20 26 27 29 30 33 34 
#module 4 size: 11 bs: 3.52331e-101
10 11 17 21 22 28 32 39 43 46 47 
#module 0 size: 13 bs: 2.2315e-05
2 4 8 9 12 13 15 18 31 35 42 44 45 
#module 1 size: 9 bs: 2.20126e-102
1 3 6 23 36 37 38 40 41 
#module 2 size: 3 bs: 0.000111396
4 7 24 
#module 3 size: 11 bs: 9.06756e-101
10 11 17 21 22 28 32 39 43 46 47 
#module 4 size: 13 bs: 8.64557e-101
0 4 5 14 16 19 20 26 27 29 30 33 34 
#module 0 size: 13 bs: 2.2315e-05
2 4 8 9 12 13 15 18 31 35 42 44 45 
#module 1 size: 9 bs: 9.97167e-102
1 3 6 23 36 37 38 40 41 
#module 2 size: 3 bs: 0.000111396
4 7 24 
#module 3 size: 11 bs: 6.22676e-101
10 11 17 21 22 28 32 39 43 46 47 
#module 4 size: 13 bs: 7.75615e-101
0 4 5 14 16 19 20 26 27 29 30 33 34 
#module 0 size: 13 bs: 2.2315e-05
2 4 8 9 12 13 15 18 31 35 42 44 45 
#module 1 size: 9 bs: 5.27765e-101
1 3 6 23 36 37 38 40 41 
#module 2 size: 3 bs: 0.000111396
4 7 24 
#module 3 size: 11 bs: 9.88407e-101
10 11 17 21 22 28 32 39 43 46 47 
#module 4 size: 13 bs: 4.73391e-101
0 4 5 14 16 19 20 26 27 29 30 33 34 
#module 0 size: 13 bs: 2.2315e-05
2 4 8 9 12 13 15 18 31 35 42 44 45 
#module 1 size: 9 bs: 2.86976e-101
1 3 6 23 36 37 38 40 41 
#module 2 size: 3 bs: 0.000111396
4 7 24 
#module 3 size: 11 bs: 7.98072e-101
10 11 17 21 22 28 32 39 43 46 47 
#module 4 size: 13 bs: 4.97886e-101
0 4 5 14 16 19 20 26 27 29 30 33 34 
#module 0 size: 13 bs: 2.2315e-05
2 4 8 9 12 13 15 18 31 35 42 44 45 
#module 1 size: 9 bs: 6.71678e-101
1 3 6 23 36 37 38 40 41 
#module 2 size: 3 bs: 0.000111396
4 7 24 
#module 3 size: 13 bs: 9.73741e-101
0 4 5 14 16 19 20 26 27 29 30 33 34 
#module 4 size: 11 bs: 6.12494e-101
10 11 17 21 22 28 32 39 43 46 47 
#module 0 size: 13 bs: 7.36608e-102
2 4 8 9 12 13 15 18 31 35 42 44 45 
#module 1 size: 9 bs: 9.6614e-101
1 3 6 23 36 37 38 40 41 
#module 2 size: 3 bs: 7.59283e-05
4 7 24 
#module 3 size: 11 bs: 1.80301e-101
10 11 17 21 22 28 32 39 43 46 47 
#module 4 size: 13 bs: 9.4623e-101
0 4 5 14 16 19 20 26 27 29 30 33 34 
#module 0 size: 13 bs: 2.2315e-05
2 4 8 9 12 13 15 18 31 35 42 44 45 
#module 1 size: 9 bs: 7.32833e-101
1 3 6 23 36 37 38 40 41 
#module 2 size: 3 bs: 0.000111396
4 7 24 
#module 3 size: 11 bs: 6.50265e-101
10 11 17 21 22 28 32 39 43 46 47 
#module 4 size: 13 bs: 9.84757e-101
0 4 5 14 16 19 20 26 27 29 30 33 34 
