#module 0 size: 25 bs: 0.00410027
931 2987 3001 3012 3024 3053 3090 3102 3107 3113 3127 3142 3221 3266 3277 3313 3314 3324 3387 3399 3456 3486 3529 3546 3548 
#module 1 size: 32 bs: 0.104238
984 2335 2345 2348 2373 2382 2386 2437 2439 2440 2449 2478 2508 2542 2575 2617 2618 2662 2672 2678 2689 2716 2731 2735 2828 2852 2897 2910 2912 2936 2944 2966 
#module 2 size: 32 bs: 0.207216
984 1020 1032 1036 1062 1080 1134 1137 1138 1148 1177 1203 1245 1277 1322 1325 1327 1364 1374 1379 1391 1422 1439 1443 1536 1561 1610 1622 1624 1649 1654 1677 
#module 3 size: 37 bs: 0.220035
981 2324 2338 2372 2374 2377 2388 2402 2407 2413 2425 2426 2441 2490 2509 2522 2532 2535 2582 2596 2631 2654 2659 2742 2748 2762 2764 2782 2790 2811 2863 2877 2891 2903 2951 2956 2964 
#module 4 size: 995 bs: 0.910328
0 1 2 3 4 5 6 7 8 9 10 11 12 13 14 15 16 17 18 19 20 21 22 23 24 25 26 27 28 29 30 31 32 33 34 35 36 37 38 39 40 41 42 43 44 45 46 47 48 49 50 51 52 53 54 55 56 57 58 59 60 61 62 63 64 65 66 67 68 69 70 71 72 73 74 75 76 77 78 79 80 81 82 83 84 85 86 87 88 89 90 91 92 93 94 95 96 97 98 99 100 101 102 103 104 105 106 107 108 109 110 111 112 113 114 115 116 117 118 119 120 121 122 123 124 125 126 127 128 129 130 131 132 133 134 135 136 137 138 139 140 141 142 143 144 145 146 147 148 149 150 151 152 153 154 155 156 157 158 159 160 161 162 163 164 165 166 167 168 169 170 171 172 173 174 175 176 177 178 179 180 181 182 183 184 185 186 187 188 189 190 191 192 193 194 195 196 197 198 199 200 201 202 203 204 205 206 207 208 209 210 211 212 213 214 215 216 217 218 219 220 221 222 223 224 225 226 227 228 229 230 231 232 233 234 235 236 237 238 239 240 241 242 243 244 245 246 247 248 249 250 251 252 253 254 255 256 257 258 259 260 261 262 263 264 265 266 267 268 269 270 271 272 273 274 275 276 277 278 279 280 281 282 283 284 285 286 287 288 289 290 291 292 293 294 295 296 297 298 299 300 301 302 303 304 305 306 307 308 309 310 311 312 313 314 315 316 317 318 319 320 321 322 323 324 325 326 327 328 329 330 331 332 333 334 335 336 337 338 339 340 341 342 343 344 345 346 347 348 349 350 351 352 353 354 355 356 357 358 359 360 361 362 363 364 365 366 367 368 369 370 371 372 373 374 375 376 377 378 379 380 381 382 383 384 385 386 387 388 389 390 391 392 393 394 395 396 397 398 399 400 401 402 403 404 405 406 407 408 409 410 411 412 413 414 415 416 417 418 419 420 421 422 423 424 425 426 427 428 429 430 431 432 433 434 435 436 437 438 439 440 441 442 443 444 445 446 447 448 449 450 451 452 453 454 455 456 457 458 459 460 461 462 463 464 465 466 467 468 469 470 471 472 473 474 475 476 477 478 479 480 481 482 483 484 485 486 487 488 489 490 491 492 493 494 495 496 497 498 499 500 501 502 503 504 505 506 507 508 509 510 511 512 513 514 515 516 517 518 519 520 521 522 523 524 525 526 527 528 529 530 531 532 533 534 535 536 537 538 539 540 541 542 543 544 545 546 547 548 549 550 551 552 553 554 555 556 557 558 559 560 561 562 563 564 565 566 567 568 569 570 571 572 573 574 575 576 577 578 579 580 581 582 583 584 585 586 587 588 589 590 591 592 593 594 595 596 597 598 599 600 601 602 603 604 605 606 607 608 609 610 611 612 613 614 615 616 617 618 619 620 621 622 623 624 625 626 627 628 629 630 631 632 633 634 635 636 637 638 639 640 641 642 643 644 645 646 647 648 649 650 651 652 653 654 655 656 657 658 659 660 661 662 663 664 665 666 667 668 669 670 671 672 673 674 675 676 677 678 679 680 681 682 683 684 685 686 687 688 689 690 691 692 693 694 695 696 697 698 699 700 701 702 703 704 705 706 707 708 709 710 711 712 713 714 715 716 717 718 719 720 721 722 723 724 725 726 727 728 729 730 731 732 733 734 735 736 737 738 739 740 741 742 743 744 745 746 747 748 749 750 751 752 753 754 755 756 757 758 759 760 761 762 763 764 765 766 767 768 769 770 771 772 773 774 775 776 777 778 779 780 781 782 783 784 785 786 787 788 789 790 791 792 793 794 795 796 797 798 799 800 801 802 803 804 805 806 807 808 809 810 811 812 813 814 815 816 817 818 819 820 821 822 823 824 825 826 827 828 829 830 831 832 833 834 835 836 837 838 839 840 841 842 843 844 845 846 847 848 849 850 851 852 853 854 855 856 857 858 859 860 861 862 863 864 865 866 867 868 869 870 871 872 873 874 875 876 877 878 879 880 881 882 883 884 885 886 887 888 889 890 891 892 893 894 895 896 897 898 899 900 901 902 903 904 905 906 907 908 909 910 911 912 913 914 915 916 917 918 919 920 921 922 923 924 925 926 927 928 929 930 931 932 933 934 935 936 937 938 939 941 942 943 944 945 946 947 948 949 950 951 952 953 954 955 956 957 958 959 960 961 962 963 964 965 966 967 968 969 971 972 973 974 975 976 977 978 979 980 981 982 983 984 985 986 988 989 990 991 992 993 994 995 996 999 
#module 5 size: 35 bs: 0.892001
984 1705 1715 1716 1800 2996 3006 3009 3035 3049 3089 3092 3093 3105 3137 3162 3200 3223 3261 3263 3297 3311 3317 3325 3349 3373 3377 3459 3483 3516 3523 3524 3552 3559 3577 
#module 6 size: 85 bs: 0.205317
997 2344 2352 2353 2354 2376 2392 2394 2395 2404 2410 2414 2421 2429 2435 2444 2445 2453 2454 2459 2466 2470 2473 2486 2494 2503 2516 2518 2525 2527 2531 2533 2536 2548 2554 2558 2572 2578 2585 2605 2627 2636 2642 2648 2651 2652 2656 2703 2719 2723 2728 2729 2733 2772 2791 2792 2795 2801 2824 2825 2830 2833 2839 2847 2850 2851 2867 2876 2879 2888 2890 2892 2894 2905 2908 2914 2916 2920 2932 2934 2946 2948 2967 2968 2974 
#module 7 size: 26 bs: 0.348863
931 2323 2340 2350 2363 2391 2400 2438 2446 2451 2455 2469 2484 2573 2626 2637 2674 2675 2688 2745 2760 2820 2859 2915 2930 2931 
#module 8 size: 39 bs: 1.05414
981 1012 1025 1061 1064 1067 1081 1096 1105 1110 1123 1139 1173 1185 1205 1221 1228 1232 1237 1282 1298 1335 1357 1362 1436 1450 1455 1471 1473 1492 1497 1523 1570 1586 1601 1616 1663 1665 1674 
#module 9 size: 41 bs: 0.783593
886 1014 1022 1053 1074 1097 1112 1113 1122 1128 1129 1156 1166 1189 1230 1239 1240 1254 1288 1300 1304 1311 1313 1326 1328 1334 1386 1387 1392 1416 1417 1424 1429 1448 1525 1535 1551 1565 1568 1571 1612 
#module 10 size: 30 bs: 0.668346
974 1742 1750 1760 1786 1848 1853 1869 1908 1983 1995 2000 2001 2007 2030 2037 2043 2044 2058 2059 2061 2088 2120 2154 2183 2225 2232 2237 2266 2301 
#module 11 size: 43 bs: 0.306599
955 1685 1699 1700 1726 1748 1761 1778 1784 1792 1828 1831 1862 1878 1919 1921 1931 1934 1938 1955 1957 1963 1964 1996 2002 2050 2056 2071 2080 2102 2126 2147 2155 2190 2193 2223 2224 2229 2246 2251 2253 2286 2310 
#module 12 size: 45 bs: 0.103005
1001 1016 1017 1078 1093 1115 1120 1124 1126 1129 1163 1192 1209 1215 1249 1252 1263 1272 1290 1294 1301 1303 1312 1337 1344 1393 1414 1420 1425 1453 1479 1507 1520 1530 1562 1566 1592 1593 1598 1617 1619 1623 1625 1635 1660 
#module 13 size: 67 bs: 0.968867
1003 1030 1033 1044 1057 1065 1077 1093 1125 1159 1160 1169 1175 1196 1206 1207 1236 1261 1264 1271 1276 1280 1290 1297 1311 1318 1329 1338 1343 1349 1377 1378 1403 1408 1412 1415 1421 1428 1438 1440 1445 1457 1464 1468 1477 1482 1483 1484 1489 1508 1509 1511 1518 1519 1529 1553 1556 1580 1584 1594 1621 1630 1631 1634 1642 1651 1667 
#module 14 size: 96 bs: 0.570083
997 3005 3016 3017 3040 3045 3047 3055 3057 3064 3070 3072 3076 3083 3087 3100 3101 3109 3111 3116 3118 3125 3128 3131 3143 3147 3156 3160 3161 3168 3170 3177 3179 3184 3186 3191 3204 3207 3210 3215 3220 3225 3233 3240 3247 3249 3267 3276 3281 3284 3286 3287 3291 3298 3338 3342 3352 3360 3361 3368 3370 3375 3380 3407 3411 3431 3432 3437 3443 3457 3461 3463 3465 3471 3478 3479 3481 3490 3498 3500 3505 3506 3511 3513 3520 3521 3527 3530 3534 3549 3550 3561 3563 3580 3581 3586 
#module 15 size: 71 bs: 0.679282
970 1000 1002 1006 1010 1013 1021 1024 1028 1034 1037 1046 1051 1052 1059 1069 1073 1076 1085 1087 1092 1101 1103 1114 1121 1147 1155 1162 1165 1193 1195 1211 1218 1226 1234 1242 1251 1274 1281 1296 1320 1336 1359 1370 1381 1389 1406 1423 1427 1433 1435 1446 1470 1499 1503 1517 1544 1552 1555 1557 1577 1582 1600 1602 1605 1608 1611 1642 1650 1669 1677 
#module 16 size: 29 bs: 0.619406
907 3016 3020 3026 3110 3168 3173 3176 3188 3198 3199 3216 3236 3245 3250 3251 3252 3332 3335 3341 3346 3385 3393 3396 3428 3455 3492 3518 3528 
#module 17 size: 75 bs: 1.09581
996 1687 1691 1693 1698 1701 1709 1728 1730 1734 1736 1741 1751 1769 1771 1790 1797 1822 1824 1826 1827 1829 1842 1854 1865 1866 1877 1891 1906 1920 1926 1943 1958 1966 1967 1971 1979 1990 1993 2009 2019 2025 2045 2066 2070 2074 2085 2103 2106 2116 2118 2123 2125 2134 2153 2164 2177 2184 2195 2206 2210 2217 2241 2244 2248 2255 2264 2269 2278 2279 2282 2290 2294 2305 2312 
#module 18 size: 94 bs: 0.153241
991 1011 1029 1035 1045 1047 1049 1060 1068 1077 1084 1091 1092 1095 1102 1106 1117 1132 1146 1180 1184 1186 1187 1246 1253 1257 1269 1270 1286 1287 1291 1295 1305 1306 1314 1329 1331 1334 1340 1342 1345 1346 1347 1351 1352 1361 1367 1384 1385 1396 1397 1400 1402 1411 1444 1445 1449 1452 1454 1459 1461 1478 1480 1485 1488 1493 1512 1514 1515 1526 1527 1528 1530 1533 1540 1545 1548 1554 1558 1564 1594 1596 1604 1609 1613 1619 1620 1637 1640 1667 1672 1673 1676 1682 
#module 19 size: 40 bs: 0.598607
981 2988 3000 3034 3038 3041 3050 3063 3069 3071 3081 3094 3099 3146 3163 3174 3182 3185 3190 3213 3229 3240 3269 3289 3294 3384 3389 3404 3406 3421 3427 3452 3488 3499 3508 3519 3557 3567 3568 3576 
#module 20 size: 61 bs: 0.618777
940 2978 3007 3018 3029 3039 3082 3129 3135 3154 3164 3165 3166 3189 3196 3211 3217 3222 3224 3227 3239 3244 3272 3280 3295 3315 3316 3333 3340 3343 3345 3348 3358 3372 3374 3392 3395 3401 3410 3412 3413 3418 3440 3442 3444 3448 3449 3453 3473 3476 3483 3495 3497 3503 3506 3522 3531 3532 3535 3542 3555 
#module 21 size: 40 bs: 0.400319
886 1695 1706 1731 1745 1764 1776 1777 1785 1791 1792 1820 1858 1899 1907 1910 1922 1952 1954 1965 1973 1974 1984 1987 2007 2042 2046 2053 2072 2073 2079 2098 2160 2168 2180 2192 2196 2199 2239 2250 
#module 22 size: 43 bs: 0.680458
1689 1696 1718 1727 1735 1753 1782 1793 1799 1806 1810 1812 1814 1838 1840 1844 1846 1860 1867 1909 1915 1916 1932 1946 1972 1989 2005 2016 2027 2039 2054 2082 2086 2087 2095 2136 2149 2151 2258 2271 2280 2287 2311 
#module 23 size: 98 bs: 0.148086
991 2320 2332 2343 2357 2358 2371 2379 2393 2397 2406 2409 2420 2427 2430 2436 2438 2460 2474 2483 2487 2491 2492 2506 2515 2545 2551 2565 2566 2586 2593 2603 2604 2611 2612 2622 2624 2629 2635 2638 2643 2644 2646 2647 2649 2650 2658 2666 2680 2681 2683 2696 2698 2699 2706 2722 2729 2736 2739 2741 2743 2747 2754 2756 2762 2769 2771 2775 2777 2784 2803 2805 2806 2813 2814 2815 2817 2821 2832 2834 2837 2838 2842 2848 2855 2885 2887 2893 2896 2899 2906 2922 2925 2957 2961 2963 2965 2970 
#module 24 size: 40 bs: 0.597872
995 2319 2328 2349 2359 2370 2389 2422 2433 2443 2448 2450 2452 2476 2480 2482 2495 2502 2539 2543 2544 2562 2580 2607 2623 2655 2668 2692 2695 2720 2726 2727 2737 2786 2799 2804 2919 2935 2950 2972 
#module 25 size: 44 bs: 0.825256
955 2315 2330 2361 2385 2399 2412 2417 2423 2428 2432 2464 2467 2497 2514 2547 2550 2561 2563 2569 2589 2591 2598 2599 2609 2632 2641 2694 2705 2709 2718 2744 2770 2796 2810 2853 2857 2883 2884 2889 2904 2911 2949 2971 
#module 26 size: 74 bs: 0.822703
970 2976 2977 2981 2986 2989 2997 2999 3003 3008 3010 3019 3023 3025 3042 3046 3048 3054 3056 3061 3062 3066 3067 3073 3079 3084 3103 3104 3114 3123 3141 3151 3153 3167 3172 3178 3187 3197 3205 3219 3238 3255 3270 3275 3293 3304 3319 3322 3336 3351 3353 3367 3369 3381 3403 3430 3434 3447 3467 3472 3478 3482 3493 3496 3507 3509 3512 3514 3517 3542 3553 3569 3578 3586 
#module 27 size: 37 bs: 0.277056
2985 2991 3011 3022 3031 3032 3051 3077 3085 3098 3106 3108 3134 3139 3148 3155 3195 3202 3212 3228 3248 3264 3290 3301 3318 3326 3357 3364 3365 3378 3422 3441 3445 3533 3551 3564 3585 
#module 28 size: 78 bs: 0.862948
993 1690 1694 1704 1710 1732 1747 1756 1759 1780 1809 1821 1832 1845 1849 1855 1873 1885 1888 1890 1895 1911 1929 1937 1940 1942 1947 1950 1959 1961 1966 1978 1980 1986 1988 1999 2014 2021 2024 2029 2036 2048 2049 2051 2052 2055 2077 2096 2107 2108 2114 2131 2135 2148 2161 2165 2166 2169 2181 2186 2194 2201 2204 2205 2209 2213 2227 2236 2243 2252 2273 2276 2277 2291 2293 2299 2302 2310 
#module 29 size: 94 bs: 0.443884
998 2980 2995 2998 3002 3013 3021 3028 3030 3044 3052 3058 3065 3074 3075 3086 3097 3117 3125 3130 3133 3138 3150 3152 3158 3159 3169 3175 3201 3203 3206 3209 3214 3230 3256 3268 3273 3285 3298 3300 3303 3309 3318 3323 3331 3334 3344 3347 3376 3383 3391 3394 3397 3398 3402 3408 3416 3419 3420 3424 3425 3426 3433 3436 3439 3454 3460 3462 3464 3466 3474 3484 3485 3487 3489 3491 3501 3502 3503 3526 3538 3539 3540 3543 3546 3556 3557 3560 3562 3564 3570 3571 3582 3587 
#module 30 size: 102 bs: 0.668074
999 2982 2990 2992 2993 2994 3004 3014 3015 3059 3078 3088 3096 3101 3112 3115 3116 3119 3120 3121 3122 3124 3126 3136 3141 3145 3149 3180 3181 3183 3192 3193 3208 3218 3226 3232 3237 3243 3253 3257 3259 3262 3274 3275 3282 3288 3292 3296 3302 3306 3307 3310 3337 3339 3350 3354 3355 3356 3359 3362 3366 3371 3378 3379 3386 3388 3390 3399 3400 3402 3406 3409 3414 3415 3423 3429 3438 3439 3451 3458 3466 3469 3477 3480 3482 3494 3525 3541 3554 3556 3558 3565 3566 3570 3573 3574 3575 3578 3579 3583 3584 3588 
#module 31 size: 35 bs: 0.619403
907 1008 1026 1040 1042 1048 1054 1119 1149 1151 1153 1217 1220 1224 1235 1243 1244 1268 1293 1307 1315 1316 1317 1401 1405 1409 1419 1451 1458 1465 1498 1532 1576 1615 1628 
#module 32 size: 32 bs: 1.00683
907 1688 1711 1723 1725 1783 1813 1816 1818 1887 1893 1903 1912 1936 1956 1968 1975 1976 1977 2038 2063 2065 2068 2075 2101 2109 2113 2141 2163 2207 2242 2256 
#module 33 size: 28 bs: 0.686209
3043 3060 3080 3132 3140 3144 3157 3194 3271 3278 3279 3283 3305 3312 3320 3321 3328 3329 3330 3368 3405 3450 3475 3504 3510 3515 3544 3572 
#module 34 size: 44 bs: 0.531104
930 2979 2983 2984 3027 3033 3036 3037 3068 3091 3095 3142 3171 3227 3231 3234 3235 3241 3242 3246 3254 3258 3260 3264 3265 3284 3299 3308 3327 3363 3382 3417 3435 3446 3460 3465 3468 3470 3536 3537 3539 3545 3547 3567 
#module 35 size: 37 bs: 0.826868
930 1004 1007 1009 1055 1063 1104 1136 1142 1284 1292 1299 1302 1309 1319 1323 1324 1330 1366 1371 1395 1411 1424 1432 1447 1487 1504 1516 1543 1547 1549 1635 1636 1639 1644 1646 1663 
#module 36 size: 38 bs: 0.753838
886 2327 2336 2364 2365 2381 2403 2415 2416 2424 2431 2432 2456 2493 2530 2538 2540 2552 2587 2588 2600 2608 2610 2620 2682 2684 2691 2711 2712 2717 2740 2812 2826 2840 2856 2861 2864 2898 
#module 37 size: 64 bs: 0.634126
996 2318 2322 2325 2329 2331 2339 2362 2369 2378 2384 2387 2408 2411 2458 2461 2462 2465 2488 2500 2501 2511 2523 2537 2549 2555 2557 2576 2590 2592 2601 2606 2614 2625 2630 2657 2665 2683 2702 2725 2746 2750 2763 2766 2783 2808 2822 2836 2846 2860 2870 2872 2878 2900 2902 2907 2928 2933 2942 2943 2946 2952 2955 2973 
#module 38 size: 61 bs: 0.221094
940 2316 2346 2355 2360 2367 2375 2463 2471 2477 2499 2512 2513 2534 2560 2568 2574 2577 2579 2594 2622 2633 2640 2660 2676 2677 2700 2704 2707 2710 2714 2721 2730 2732 2739 2751 2757 2761 2768 2773 2774 2778 2798 2800 2802 2807 2809 2816 2841 2845 2873 2875 2885 2909 2917 2918 2921 2927 2933 2938 2957 
#module 39 size: 93 bs: 0.882448
987 1688 1697 1702 1714 1717 1722 1729 1743 1744 1749 1762 1765 1772 1773 1796 1798 1802 1803 1804 1819 1825 1833 1834 1836 1841 1843 1847 1850 1851 1857 1864 1874 1875 1879 1884 1886 1898 1917 1925 1928 1930 1933 1953 1962 1969 1982 1984 2006 2011 2013 2018 2022 2032 2035 2040 2041 2047 2057 2060 2089 2111 2112 2116 2119 2125 2128 2152 2156 2157 2159 2178 2202 2208 2211 2212 2214 2226 2234 2238 2240 2253 2259 2274 2284 2288 2292 2296 2297 2303 2304 2306 2313 
#module 40 size: 94 bs: 0.420505
993 2321 2326 2333 2334 2341 2347 2356 2366 2383 2398 2401 2406 2419 2447 2457 2468 2479 2481 2485 2489 2507 2510 2519 2520 2521 2526 2528 2541 2556 2559 2567 2571 2581 2584 2588 2595 2597 2601 2602 2613 2615 2619 2621 2639 2645 2653 2661 2664 2670 2673 2685 2686 2690 2693 2715 2721 2724 2738 2746 2752 2753 2780 2785 2793 2797 2816 2818 2823 2824 2827 2835 2843 2845 2849 2866 2868 2869 2871 2874 2886 2895 2901 2918 2921 2937 2940 2941 2953 2954 2958 2959 2962 2971 
#module 41 size: 86 bs: 0.714468
998 2317 2337 2342 2351 2368 2380 2390 2396 2405 2418 2434 2442 2466 2472 2475 2496 2498 2504 2505 2517 2524 2529 2546 2553 2564 2570 2583 2616 2628 2634 2663 2667 2669 2671 2679 2687 2697 2701 2708 2713 2734 2741 2749 2755 2758 2759 2765 2767 2776 2779 2781 2783 2787 2788 2789 2794 2819 2829 2831 2834 2844 2854 2858 2862 2865 2869 2880 2881 2882 2884 2913 2923 2924 2926 2929 2930 2939 2945 2947 2950 2958 2960 2963 2969 2975 
#module 42 size: 82 bs: 0.78302
987 1015 1038 1041 1050 1070 1072 1079 1088 1094 1098 1108 1109 1133 1135 1140 1141 1143 1154 1161 1167 1170 1176 1179 1181 1182 1188 1197 1204 1210 1216 1219 1222 1229 1247 1260 1262 1278 1289 1308 1348 1354 1356 1360 1373 1375 1376 1383 1388 1394 1398 1418 1462 1463 1469 1472 1476 1513 1521 1522 1524 1546 1573 1578 1579 1581 1583 1588 1595 1606 1614 1625 1632 1652 1658 1662 1664 1666 1668 1675 1678 1683 
#module 43 size: 103 bs: 0.155968
997 1703 1713 1721 1723 1724 1739 1746 1755 1757 1766 1770 1775 1781 1789 1794 1795 1807 1808 1815 1817 1823 1830 1835 1852 1859 1868 1872 1873 1881 1882 1883 1894 1896 1900 1902 1905 1913 1924 1927 1941 1944 1951 1970 1991 1998 2003 2004 2008 2010 2012 2017 2034 2067 2069 2073 2078 2081 2083 2084 2088 2090 2091 2092 2097 2122 2127 2142 2143 2146 2150 2167 2170 2172 2174 2176 2179 2185 2187 2188 2201 2203 2215 2218 2219 2228 2230 2233 2235 2247 2249 2255 2257 2260 2268 2270 2272 2282 2285 2307 2308 2309 2313 
#module 44 size: 94 bs: 0.132473
998 1005 1018 1023 1027 1031 1039 1056 1058 1071 1082 1086 1090 1100 1116 1130 1144 1157 1171 1174 1178 1191 1194 1199 1200 1208 1223 1248 1255 1258 1266 1273 1283 1321 1333 1339 1363 1365 1368 1369 1372 1374 1380 1390 1399 1404 1413 1441 1442 1456 1460 1466 1467 1475 1486 1490 1491 1494 1495 1496 1502 1505 1515 1531 1537 1539 1542 1555 1563 1567 1569 1572 1575 1587 1589 1590 1591 1603 1607 1626 1638 1639 1641 1643 1645 1653 1655 1657 1661 1662 1670 1671 1681 1684 
#module 45 size: 94 bs: 1.08952
997 1019 1030 1043 1066 1075 1083 1089 1099 1107 1111 1118 1127 1131 1145 1150 1152 1158 1164 1168 1172 1183 1190 1198 1201 1202 1212 1213 1214 1225 1227 1231 1233 1238 1241 1250 1256 1259 1265 1267 1275 1279 1285 1310 1332 1341 1350 1353 1355 1358 1382 1407 1410 1426 1430 1431 1434 1437 1441 1445 1474 1481 1500 1501 1506 1510 1534 1538 1541 1543 1550 1557 1559 1560 1574 1585 1587 1588 1597 1599 1603 1607 1618 1620 1627 1629 1633 1647 1648 1656 1659 1679 1680 1683 
#module 46 size: 42 bs: 0.172866
1692 1701 1708 1737 1738 1740 1752 1763 1768 1774 1787 1788 1801 1856 1876 1880 1885 1889 1897 1901 1904 1914 1945 1948 1960 1994 2015 2020 2100 2104 2117 2121 2133 2140 2158 2198 2216 2231 2245 2289 2295 2303 
#module 47 size: 83 bs: 0.665517
998 1686 1707 1712 1719 1720 1733 1754 1758 1767 1779 1805 1811 1837 1839 1861 1863 1870 1871 1892 1918 1923 1935 1939 1949 1981 1985 1992 1997 2023 2026 2028 2031 2033 2039 2062 2064 2076 2093 2094 2099 2105 2110 2114 2115 2124 2129 2130 2132 2137 2138 2139 2144 2145 2162 2171 2173 2175 2182 2189 2191 2194 2197 2200 2205 2220 2221 2222 2254 2261 2262 2263 2265 2267 2275 2281 2283 2284 2287 2298 2300 2309 2314 
