0	1	5
0	2	5
0	3	5
0	4	4
0	5	4
0	7	10
0	8	10
0	9	5
0	10	4
0	12	5
0	13	2
0	14	2
0	15	2
0	16	2
0	17	2
1	2	5
1	3	5
1	6	5
1	8	5
1	10	15
1	11	5
1	12	5
1	13	1
1	14	1
1	15	1
1	16	1
1	17	1
2	5	5
2	7	9
2	10	5
2	11	5
2	12	5
2	13	2
2	14	2
2	15	2
2	16	2
2	17	2
3	7	15
3	8	5
3	10	5
3	11	5
3	12	5
3	13	2
3	14	2
3	15	2
3	16	2
3	17	2
4	6	5
4	7	10
4	12	5
5	6	5
5	10	5
5	11	10
5	13	2
5	14	2
5	15	2
5	16	2
5	17	2
6	7	20
6	8	10
6	10	5
6	11	5
6	13	2
6	14	2
6	15	2
6	16	2
6	17	2
7	9	4
7	10	10
7	12	15
7	13	5
7	14	4
7	15	5
7	16	5
7	17	5
8	11	5
8	13	2
8	14	2
8	15	2
8	16	2
8	17	2
9	10	4
9	12	14
9	13	1
9	14	1
9	15	1
9	16	1
9	17	1
10	11	29
10	12	15
10	13	3
10	14	2
10	15	3
10	16	3
10	17	3
11	12	20
11	13	4
11	14	4
11	15	4
11	16	4
11	17	4
12	13	1
12	14	1
12	15	1
12	16	1
12	17	1
13	14	36
13	15	36
13	16	36
13	17	36
14	15	36
14	16	36
14	17	36
15	16	36
15	17	36
16	17	36
