0	1	2
0	3	4
0	5	2
0	7	2
0	9	1
0	11	3
0	13	1
0	14	1
0	16	3
0	18	38
0	27	38
0	36	38
0	45	38
0	59	1
1	3	1
1	7	2
1	9	2
1	11	2
1	13	2
1	14	2
1	16	1
1	19	19
1	28	19
1	37	19
1	46	19
2	3	3
2	5	2
2	7	1
2	11	3
2	13	3
2	14	2
2	16	1
2	20	39
2	29	39
2	38	39
2	47	39
2	59	2
3	4	36
3	5	2
3	9	1
3	13	3
3	14	1
3	16	2
3	21	36
3	30	36
3	39	36
4	21	36
4	30	36
4	39	36
4	45	4
4	46	1
4	47	4
4	48	2
4	50	1
4	51	1
4	52	3
4	53	1
4	54	2
5	6	26
5	7	2
5	9	2
5	22	26
5	31	26
5	48	26
6	22	26
6	31	26
6	36	3
6	38	2
6	39	2
6	40	2
6	41	2
6	48	26
7	8	38
7	9	2
7	11	1
7	14	2
7	16	2
7	23	38
7	40	38
7	49	38
7	59	2
8	10	2
8	23	38
8	27	2
8	28	3
8	29	1
8	31	2
8	32	1
8	34	3
8	35	2
8	40	38
8	49	38
8	56	2
9	10	32
9	14	1
9	16	2
9	24	32
9	41	32
9	50	32
9	59	2
10	24	32
10	27	2
10	28	2
10	29	1
10	30	1
10	31	2
10	34	1
10	35	2
10	41	32
10	50	32
10	56	2
11	12	25
11	16	1
11	25	25
11	32	25
11	51	25
11	59	1
12	25	25
12	32	25
12	36	3
12	37	2
12	38	3
12	39	1
12	40	1
12	44	1
12	51	25
12	57	1
13	16	2
13	26	24
13	33	24
13	42	24
13	52	24
14	15	22
14	34	22
14	43	22
14	53	22
14	59	1
15	18	1
15	19	3
15	20	2
15	21	1
15	23	3
15	24	1
15	34	22
15	43	22
15	53	22
15	55	1
16	17	34
16	35	34
16	44	34
16	54	34
16	59	1
17	18	3
17	19	1
17	20	2
17	21	2
17	23	2
17	24	2
17	25	1
17	26	2
17	35	34
17	44	34
17	54	34
17	55	1
18	19	2
18	21	4
18	22	3
18	23	2
18	24	2
18	25	3
18	26	1
18	27	38
18	36	38
18	45	38
18	55	1
19	21	1
19	23	3
19	24	2
19	25	2
19	26	2
19	28	19
19	37	19
19	46	19
20	21	4
20	22	2
20	23	1
20	24	1
20	25	3
20	26	4
20	29	39
20	38	39
20	47	39
20	55	2
21	22	2
21	24	1
21	25	1
21	26	3
21	30	36
21	39	36
22	23	2
22	24	2
22	31	26
22	48	26
23	24	2
23	25	1
23	40	38
23	49	38
23	55	2
24	41	32
24	50	32
24	55	2
25	32	25
25	51	25
25	55	1
26	33	24
26	42	24
26	52	24
26	55	2
27	28	2
27	30	4
27	31	3
27	32	3
27	33	1
27	34	1
27	35	3
27	36	38
27	45	38
27	56	1
28	30	1
28	32	2
28	33	2
28	34	3
28	35	1
28	37	19
28	46	19
29	30	4
29	31	2
29	32	3
29	33	4
29	34	2
29	35	2
29	38	39
29	47	39
29	56	2
30	31	2
30	32	1
30	33	3
30	34	1
30	35	2
30	39	36
31	48	26
32	35	1
32	51	25
32	56	1
33	35	2
33	42	24
33	52	24
33	56	2
34	43	22
34	53	22
34	56	1
35	44	34
35	54	34
35	56	1
36	37	2
36	39	4
36	40	2
36	41	2
36	42	1
36	43	1
36	44	3
36	45	38
36	57	1
37	39	1
37	40	3
37	41	2
37	42	2
37	43	3
37	44	1
37	46	19
38	39	4
38	40	1
38	41	1
38	42	4
38	43	2
38	44	2
38	47	39
38	57	2
39	41	1
39	42	3
39	43	1
39	44	2
40	41	2
40	43	3
40	44	2
40	49	38
40	57	2
41	43	1
41	44	2
41	50	32
41	57	2
42	44	2
42	52	24
42	57	2
43	53	22
43	57	1
44	54	34
44	57	1
45	46	2
45	48	3
45	49	2
45	50	2
45	51	3
45	52	1
45	53	1
45	54	3
45	58	1
46	49	3
46	50	2
46	51	2
46	52	2
46	53	3
46	54	1
47	48	2
47	49	1
47	50	1
47	51	3
47	52	4
47	53	2
47	54	2
47	58	2
48	49	2
48	50	2
49	50	2
49	51	1
49	53	3
49	54	2
49	58	2
50	53	1
50	54	2
50	58	2
51	54	1
51	58	1
52	54	2
52	58	2
53	58	1
54	58	1
55	56	21
55	57	21
55	58	21
55	59	21
56	57	21
56	58	21
56	59	21
57	58	21
57	59	21
58	59	21
