0	1	40
0	2	1
0	4	3
0	6	2
0	7	3
0	9	1
0	13	40
0	18	40
0	30	40
0	34	1
0	35	3
0	57	2
0	59	2
0	62	3
0	66	1
1	13	40
1	18	40
1	24	1
1	25	3
1	26	2
1	27	3
1	28	1
1	30	40
1	45	2
1	47	2
1	60	1
1	61	3
1	63	4
1	70	1
2	3	35
2	6	3
2	7	2
2	9	1
2	11	2
2	14	35
2	19	35
2	24	35
2	34	2
2	35	1
2	57	2
2	59	1
2	62	1
2	66	2
3	10	1
3	12	2
3	14	35
3	19	35
3	24	35
3	30	1
3	32	3
3	33	2
3	36	1
3	48	3
3	50	1
3	53	2
3	56	1
3	67	3
4	5	25
4	6	4
4	7	1
4	11	2
4	15	25
4	25	25
4	31	25
4	34	1
4	57	1
4	62	2
4	66	2
5	15	26
5	18	3
5	20	4
5	21	1
5	22	1
5	23	2
5	25	26
5	31	26
5	41	1
5	43	1
5	52	1
5	69	3
6	7	4
6	9	2
6	11	3
6	20	32
6	26	32
6	32	32
6	34	1
6	35	2
6	57	1
6	59	1
6	62	2
6	64	26
6	65	23
6	66	2
7	8	34
7	9	1
7	11	1
7	21	34
7	27	34
7	33	34
7	34	1
7	59	2
7	66	1
8	13	3
8	14	2
8	15	1
8	16	1
8	17	1
8	21	34
8	27	34
8	33	34
8	40	2
8	51	1
8	64	1
8	65	4
8	68	1
9	10	27
9	11	2
9	16	27
9	22	27
9	28	27
9	34	1
9	35	2
9	58	1
9	59	2
9	62	1
10	12	2
10	16	27
10	22	27
10	28	27
10	30	1
10	31	1
10	32	2
10	33	1
10	36	1
10	49	1
10	50	3
10	53	1
10	56	2
11	12	38
11	17	38
11	23	38
11	29	38
11	35	1
11	57	1
11	59	1
11	62	2
11	66	1
12	17	38
12	23	38
12	29	38
12	31	2
12	32	4
12	33	1
12	36	2
12	48	1
12	50	1
12	56	1
12	67	1
13	14	1
13	15	3
13	16	1
13	18	40
13	30	40
13	37	2
13	39	4
13	40	2
13	51	1
13	54	3
13	64	2
13	68	1
14	16	1
14	17	2
14	19	35
14	24	35
14	37	3
14	39	1
14	40	1
14	51	2
14	54	1
14	64	2
14	65	2
14	68	3
15	16	1
15	17	2
15	25	26
15	31	26
15	37	1
15	39	1
15	51	1
15	64	3
15	65	2
15	68	3
16	17	2
16	22	27
16	28	27
16	38	1
16	39	1
16	40	3
16	51	1
16	54	2
16	64	1
16	65	1
17	23	38
17	29	38
17	37	1
17	39	2
17	40	1
17	54	1
17	64	2
17	65	2
17	68	1
18	19	1
18	20	2
18	21	3
18	22	1
18	30	40
18	41	2
18	43	4
18	44	2
18	52	1
18	55	3
18	69	1
19	20	3
19	21	2
19	22	1
19	23	2
19	24	35
19	41	3
19	43	1
19	44	1
19	52	2
19	55	1
19	69	3
20	21	5
20	22	2
20	23	4
20	26	32
20	32	32
20	41	1
20	43	3
20	44	1
20	52	1
20	55	2
20	64	26
20	65	23
20	69	2
21	22	1
21	23	1
21	27	34
21	33	34
21	44	2
21	52	1
21	69	1
22	23	2
22	28	27
22	42	1
22	43	1
22	44	3
22	52	1
22	55	2
23	29	38
23	41	1
23	43	2
23	44	1
23	55	1
23	69	1
24	26	3
24	27	2
24	28	1
24	29	2
24	45	3
24	47	1
24	60	2
24	61	1
24	63	1
24	70	3
25	26	4
25	27	1
25	28	1
25	29	2
25	31	26
25	45	1
25	60	1
25	63	1
25	70	3
26	27	5
26	28	2
26	29	4
26	32	32
26	45	1
26	47	1
26	60	1
26	61	2
26	63	3
26	64	26
26	65	23
26	70	2
27	28	1
27	29	1
27	33	34
27	47	2
27	60	1
27	70	1
28	29	2
28	46	1
28	47	3
28	60	1
28	61	2
28	63	1
29	45	1
29	47	1
29	61	1
29	63	2
29	70	1
30	31	3
30	32	2
30	33	3
30	36	4
30	48	2
30	50	2
30	53	1
30	56	3
30	67	1
31	32	4
31	33	1
31	36	1
31	48	1
31	53	1
31	67	3
32	33	5
32	36	3
32	48	1
32	50	1
32	53	1
32	56	2
32	64	26
32	65	23
32	67	2
33	50	2
33	53	1
33	67	1
34	35	1
34	51	19
34	52	19
34	53	19
34	60	19
35	54	20
35	55	20
35	56	20
35	61	20
35	66	1
36	39	24
36	43	24
36	48	1
36	62	25
36	63	24
36	66	7
36	67	473
36	68	8
36	69	8
36	70	8
37	38	2
37	39	1
37	41	20
37	45	20
37	48	20
37	57	20
37	64	1
38	42	18
38	46	18
38	49	18
38	58	18
38	68	1
39	43	24
39	62	25
39	63	24
39	64	2
39	65	2
39	66	7
39	67	8
39	68	473
39	69	8
39	70	8
40	44	19
40	47	19
40	50	19
40	59	19
40	64	1
41	42	2
41	43	1
41	45	20
41	48	20
41	57	20
42	46	18
42	49	18
42	58	18
42	69	1
43	62	25
43	63	24
43	66	7
43	67	8
43	68	8
43	69	473
43	70	8
44	47	19
44	50	19
44	59	19
45	46	2
45	48	20
45	57	20
45	63	1
46	49	18
46	58	18
46	70	1
47	50	19
47	59	19
48	49	2
48	57	20
49	58	18
49	67	1
50	59	19
51	52	19
51	53	19
51	54	1
51	60	19
51	65	1
52	53	19
52	55	1
52	60	19
53	56	1
53	60	19
54	55	20
54	56	20
54	61	20
54	64	1
54	65	1
54	68	1
55	56	20
55	61	20
55	69	1
56	61	20
56	67	1
57	58	2
57	62	1
60	61	1
61	70	1
62	63	25
62	66	438
62	67	8
62	68	8
62	69	8
62	70	8
63	66	7
63	67	8
63	68	8
63	69	8
63	70	473
64	65	533
64	68	1
65	68	1
