0	1	5
0	2	15
0	3	15
0	4	5
0	6	5
0	7	15
0	8	10
0	9	10
0	11	8
0	12	2
0	13	5
0	14	5
0	15	5
0	16	4
0	17	5
1	3	10
1	4	5
1	5	10
1	6	10
1	7	5
1	8	5
1	9	14
1	11	12
1	12	4
1	13	4
1	14	4
1	15	4
1	16	3
1	17	4
2	3	5
2	4	4
2	5	10
2	6	5
2	9	5
2	11	16
2	12	5
2	13	4
2	14	4
2	15	4
2	16	4
2	17	4
3	4	5
3	5	5
3	6	5
3	8	10
3	11	19
3	12	5
3	13	1
3	14	1
3	15	1
3	16	1
3	17	1
4	5	10
4	6	5
4	7	10
4	8	14
4	10	5
4	11	8
4	12	2
4	13	1
4	14	1
4	15	1
4	16	1
4	17	1
5	7	5
5	8	5
5	9	5
5	11	15
5	12	4
5	13	3
5	14	3
5	15	3
5	16	3
5	17	3
6	7	5
6	11	4
6	12	1
7	11	8
7	12	2
7	13	1
7	14	1
7	15	1
7	16	1
7	17	1
8	11	4
8	12	1
9	10	10
9	11	4
9	12	1
9	13	1
9	14	1
9	15	1
9	16	1
9	17	1
10	13	1
10	14	1
10	15	1
10	17	1
11	12	196
11	13	5
11	15	5
11	16	4
11	17	5
12	14	6
13	14	40
13	15	40
13	16	40
13	17	40
14	15	40
14	16	40
14	17	40
15	16	40
15	17	40
16	17	40
