0	1	5
0	2	3
0	3	5
0	4	2
0	5	4
0	7	5
0	9	5
0	10	4
0	11	1
0	12	4
0	13	6
0	14	3
0	16	3
0	17	1
1	2	4
1	3	3
1	4	2
1	5	5
1	7	3
1	8	1
1	9	7
1	10	5
1	12	2
1	13	3
1	14	1
1	16	7
1	17	3
2	3	11
2	4	4
2	5	15
2	7	8
2	9	9
2	10	18
2	12	8
2	13	10
2	14	3
2	15	1
2	16	6
2	17	3
3	4	2
3	5	8
3	7	4
3	9	6
3	10	9
3	11	1
3	12	4
3	13	5
3	14	1
3	16	1
3	17	3
4	5	7
4	6	1
4	7	4
4	8	51
4	9	5
4	10	4
4	12	6
4	13	4
4	14	4
5	6	84
5	7	8
5	8	1
5	9	7
5	10	11
5	12	4
5	13	4
5	14	7
5	16	4
5	17	3
6	10	1
7	9	2
7	10	9
7	12	3
7	13	7
7	14	7
7	15	1
7	16	4
7	17	4
9	10	19
9	11	91
9	12	8
9	13	8
9	14	8
9	16	6
9	17	5
10	11	1
10	12	10
10	13	7
10	14	6
10	16	5
10	17	5
12	13	4
12	14	2
12	16	5
12	17	4
13	14	6
13	15	63
13	16	6
13	17	2
14	16	5
14	17	1
16	17	4
