#module 0 size: 59 bs: 9.53815e-12
0 22 47 85 94 98 102 106 109 143 144 147 148 171 182 192 205 215 227 239 251 262 275 380 398 413 416 523 538 549 568 582 620 622 626 638 644 690 691 703 713 728 734 765 793 806 813 823 832 845 858 860 896 919 925 932 950 954 957 
#module 1 size: 57 bs: 9.24583e-12
1 2 36 38 119 127 201 216 221 257 260 273 284 285 317 318 319 321 327 337 341 355 438 439 453 463 473 483 504 542 555 566 567 613 651 659 665 677 681 687 707 710 717 724 737 739 762 778 780 816 847 861 871 892 906 951 958 
#module 2 size: 93 bs: 7.514e-10
7 9 32 33 41 43 65 69 73 75 91 105 118 133 150 154 168 183 211 232 238 249 253 265 287 289 302 307 336 346 351 370 381 426 427 428 431 436 442 447 468 493 499 514 515 518 519 526 531 547 548 553 571 579 581 591 593 600 601 602 604 623 628 629 640 657 660 662 697 701 733 742 784 795 811 834 843 862 876 880 888 905 908 922 948 966 968 972 983 987 991 993 997 
#module 3 size: 69 bs: 3.39081e-11
3 15 31 35 50 67 70 76 89 96 155 156 181 203 235 250 263 279 281 286 292 333 360 384 391 401 412 434 446 469 476 480 489 501 540 545 564 577 580 588 607 609 624 663 676 700 720 757 763 770 773 775 783 801 802 803 809 818 825 839 852 881 899 902 928 934 945 956 962 
#module 4 size: 57 bs: 1.92424e-12
4 8 12 17 68 74 80 97 99 139 140 153 188 191 198 223 240 266 294 300 301 312 325 332 348 386 387 399 425 450 456 524 530 554 560 565 572 633 637 642 653 668 709 721 730 746 759 798 814 828 851 865 883 893 918 927 946 
#module 5 size: 84 bs: 1.66239e-08
5 19 53 54 66 72 120 121 123 125 136 180 214 217 218 222 230 233 236 246 269 276 282 283 304 313 322 326 328 334 345 362 382 396 420 451 454 466 487 496 500 507 511 516 521 528 535 539 556 561 562 603 612 669 671 718 719 745 750 786 790 807 817 819 820 869 870 884 887 891 911 929 936 937 942 949 955 960 963 964 979 984 988 989 
#module 6 size: 85 bs: 1.78191e-13
989 1149 1150 1151 1152 1153 1154 1155 1156 1157 1158 1159 1160 1161 1162 1163 1164 1165 1166 1167 1168 1169 1170 1171 1172 1173 1174 1175 1176 1177 1178 1179 1180 1181 1182 1183 1184 1185 1186 1187 1188 1189 1190 1191 1192 1193 1194 1195 1196 1197 1198 1199 1200 1201 1202 1203 1204 1205 1206 1207 1208 1209 1210 1211 1212 1213 1214 1215 1216 1217 1218 1219 1220 1221 1222 1223 1224 1225 1226 1227 1228 1229 1230 1231 1232 
#module 7 size: 73 bs: 5.86784e-11
6 34 42 77 114 122 124 159 163 196 202 212 219 224 229 244 247 296 339 342 363 367 371 400 408 414 432 437 445 460 488 502 509 510 520 527 536 557 578 586 587 592 616 630 635 636 641 646 658 670 672 692 694 708 712 735 748 779 781 782 792 794 797 837 846 863 885 898 917 953 969 974 976 
#module 8 size: 58 bs: 5.77316e-15
946 1000 1001 1002 1003 1004 1005 1006 1007 1008 1009 1010 1011 1012 1013 1014 1015 1016 1017 1018 1019 1020 1021 1022 1023 1024 1025 1026 1027 1028 1029 1030 1031 1032 1033 1034 1035 1036 1037 1038 1039 1040 1041 1042 1043 1044 1045 1046 1047 1048 1049 1050 1051 1052 1053 1054 1055 1056 
#module 9 size: 92 bs: 2.57846e-08
10 25 28 37 58 78 83 101 108 111 129 130 134 167 186 197 204 231 237 258 259 309 315 316 323 335 338 340 344 352 353 361 366 378 383 388 411 415 419 422 429 435 441 455 471 472 481 491 497 508 512 522 525 537 546 551 569 570 583 590 597 634 643 693 705 706 714 722 731 749 785 789 800 822 844 854 859 886 895 904 909 913 935 941 961 977 978 980 981 986 995 996 
#module 10 size: 102 bs: 1.37006e-09
18 20 30 56 61 64 84 86 87 92 95 107 117 126 135 142 145 149 158 170 173 175 184 200 209 228 243 245 252 268 270 277 278 280 291 297 330 350 357 358 364 374 379 403 407 410 418 424 430 449 457 479 492 503 505 534 563 574 576 598 610 614 615 621 627 631 639 648 652 655 664 666 682 698 702 711 725 738 751 752 764 805 827 831 833 864 894 901 910 914 921 939 970 971 975 982 985 990 992 994 998 999 
#module 11 size: 93 bs: 3.052e-13
995 1057 1058 1059 1060 1061 1062 1063 1064 1065 1066 1067 1068 1069 1070 1071 1072 1073 1074 1075 1076 1077 1078 1079 1080 1081 1082 1083 1084 1085 1086 1087 1088 1089 1090 1091 1092 1093 1094 1095 1096 1097 1098 1099 1100 1101 1102 1103 1104 1105 1106 1107 1108 1109 1110 1111 1112 1113 1114 1115 1116 1117 1118 1119 1120 1121 1122 1123 1124 1125 1126 1127 1128 1129 1130 1131 1132 1133 1134 1135 1136 1137 1138 1139 1140 1141 1142 1143 1144 1145 1146 1147 1148 
#module 12 size: 72 bs: 4.13877e-11
11 29 55 60 71 79 82 90 132 152 157 161 165 172 176 189 195 199 208 225 254 288 293 310 311 347 354 356 359 372 394 402 405 417 461 462 467 529 532 559 585 589 606 611 632 654 679 683 715 723 727 754 755 758 766 772 787 804 821 824 841 842 873 878 915 916 920 938 944 959 965 973 
#module 13 size: 68 bs: 3.36359e-09
13 14 44 48 57 93 100 110 128 131 138 146 162 166 207 220 241 261 274 303 314 343 365 433 444 459 464 477 482 486 494 495 498 517 543 558 575 584 595 599 649 678 695 699 729 736 744 753 756 768 769 774 791 826 836 838 848 849 856 867 868 874 897 903 912 923 924 967 
#module 14 size: 56 bs: 1.44251e-11
49 63 104 113 115 137 141 160 174 179 185 194 234 242 248 256 295 308 324 369 376 385 389 395 397 404 458 475 478 490 513 552 625 647 667 673 684 726 732 743 747 761 767 776 788 829 830 840 850 853 877 882 889 907 943 947 
#module 15 size: 69 bs: 7.79532e-12
967 1233 1234 1235 1236 1237 1238 1239 1240 1241 1242 1243 1244 1245 1246 1247 1248 1249 1250 1251 1252 1253 1254 1255 1256 1257 1258 1259 1260 1261 1262 1263 1264 1265 1266 1267 1268 1269 1270 1271 1272 1273 1274 1275 1276 1277 1278 1279 1280 1281 1282 1283 1284 1285 1286 1287 1288 1289 1290 1291 1292 1293 1294 1295 1296 1297 1298 1299 1300 
#module 16 size: 65 bs: 1.81692e-11
16 21 27 40 51 62 81 112 151 177 226 267 272 290 298 299 305 320 331 349 373 375 390 392 393 406 409 440 448 465 470 484 485 533 544 594 596 605 645 650 661 674 675 680 685 686 689 696 704 716 740 760 771 777 796 810 815 855 857 875 879 890 926 940 952 
#module 17 size: 53 bs: 1.87739e-12
23 24 26 39 45 46 52 59 88 103 116 164 169 178 187 190 193 206 210 213 255 264 271 306 329 368 377 421 423 443 452 474 506 541 550 573 608 617 618 619 656 688 741 799 808 812 835 866 872 900 930 931 933 
#module 0 size: 59 bs: 9.53815e-12
0 22 47 85 94 98 102 106 109 143 144 147 148 171 182 192 205 215 227 239 251 262 275 380 398 413 416 523 538 549 568 582 620 622 626 638 644 690 691 703 713 728 734 765 793 806 813 823 832 845 858 860 896 919 925 932 950 954 957 
#module 1 size: 57 bs: 9.24583e-12
1 2 36 38 119 127 201 216 221 257 260 273 284 285 317 318 319 321 327 337 341 355 438 439 453 463 473 483 504 542 555 566 567 613 651 659 665 677 681 687 707 710 717 724 737 739 762 778 780 816 847 861 871 892 906 951 958 
#module 2 size: 93 bs: 7.51399e-10
7 9 32 33 41 43 65 69 73 75 91 105 118 133 150 154 168 183 211 232 238 249 253 265 287 289 302 307 336 346 351 370 381 426 427 428 431 436 442 447 468 493 499 514 515 518 519 526 531 547 548 553 571 579 581 591 593 600 601 602 604 623 628 629 640 657 660 662 697 701 733 742 784 795 811 834 843 862 876 880 888 905 908 922 948 966 968 972 983 987 991 993 997 
#module 3 size: 69 bs: 3.39081e-11
3 15 31 35 50 67 70 76 89 96 155 156 181 203 235 250 263 279 281 286 292 333 360 384 391 401 412 434 446 469 476 480 489 501 540 545 564 577 580 588 607 609 624 663 676 700 720 757 763 770 773 775 783 801 802 803 809 818 825 839 852 881 899 902 928 934 945 956 962 
#module 4 size: 57 bs: 1.92424e-12
4 8 12 17 68 74 80 97 99 139 140 153 188 191 198 223 240 266 294 300 301 312 325 332 348 386 387 399 425 450 456 524 530 554 560 565 572 633 637 642 653 668 709 721 730 746 759 798 814 828 851 865 883 893 918 927 946 
#module 5 size: 84 bs: 1.66239e-08
5 19 53 54 66 72 120 121 123 125 136 180 214 217 218 222 230 233 236 246 269 276 282 283 304 313 322 326 328 334 345 362 382 396 420 451 454 466 487 496 500 507 511 516 521 528 535 539 556 561 562 603 612 669 671 718 719 745 750 786 790 807 817 819 820 869 870 884 887 891 911 929 936 937 942 949 955 960 963 964 979 984 988 989 
#module 6 size: 85 bs: 1.78191e-13
989 1149 1150 1151 1152 1153 1154 1155 1156 1157 1158 1159 1160 1161 1162 1163 1164 1165 1166 1167 1168 1169 1170 1171 1172 1173 1174 1175 1176 1177 1178 1179 1180 1181 1182 1183 1184 1185 1186 1187 1188 1189 1190 1191 1192 1193 1194 1195 1196 1197 1198 1199 1200 1201 1202 1203 1204 1205 1206 1207 1208 1209 1210 1211 1212 1213 1214 1215 1216 1217 1218 1219 1220 1221 1222 1223 1224 1225 1226 1227 1228 1229 1230 1231 1232 
#module 7 size: 73 bs: 5.86784e-11
6 34 42 77 114 122 124 159 163 196 202 212 219 224 229 244 247 296 339 342 363 367 371 400 408 414 432 437 445 460 488 502 509 510 520 527 536 557 578 586 587 592 616 630 635 636 641 646 658 670 672 692 694 708 712 735 748 779 781 782 792 794 797 837 846 863 885 898 917 953 969 974 976 
#module 8 size: 58 bs: 5.77316e-15
946 1000 1001 1002 1003 1004 1005 1006 1007 1008 1009 1010 1011 1012 1013 1014 1015 1016 1017 1018 1019 1020 1021 1022 1023 1024 1025 1026 1027 1028 1029 1030 1031 1032 1033 1034 1035 1036 1037 1038 1039 1040 1041 1042 1043 1044 1045 1046 1047 1048 1049 1050 1051 1052 1053 1054 1055 1056 
#module 9 size: 92 bs: 2.57847e-08
10 25 28 37 58 78 83 101 108 111 129 130 134 167 186 197 204 231 237 258 259 309 315 316 323 335 338 340 344 352 353 361 366 378 383 388 411 415 419 422 429 435 441 455 471 472 481 491 497 508 512 522 525 537 546 551 569 570 583 590 597 634 643 693 705 706 714 722 731 749 785 789 800 822 844 854 859 886 895 904 909 913 935 941 961 977 978 980 981 986 995 996 
#module 10 size: 102 bs: 1.37006e-09
18 20 30 56 61 64 84 86 87 92 95 107 117 126 135 142 145 149 158 170 173 175 184 200 209 228 243 245 252 268 270 277 278 280 291 297 330 350 357 358 364 374 379 403 407 410 418 424 430 449 457 479 492 503 505 534 563 574 576 598 610 614 615 621 627 631 639 648 652 655 664 666 682 698 702 711 725 738 751 752 764 805 827 831 833 864 894 901 910 914 921 939 970 971 975 982 985 990 992 994 998 999 
#module 11 size: 93 bs: 3.052e-13
995 1057 1058 1059 1060 1061 1062 1063 1064 1065 1066 1067 1068 1069 1070 1071 1072 1073 1074 1075 1076 1077 1078 1079 1080 1081 1082 1083 1084 1085 1086 1087 1088 1089 1090 1091 1092 1093 1094 1095 1096 1097 1098 1099 1100 1101 1102 1103 1104 1105 1106 1107 1108 1109 1110 1111 1112 1113 1114 1115 1116 1117 1118 1119 1120 1121 1122 1123 1124 1125 1126 1127 1128 1129 1130 1131 1132 1133 1134 1135 1136 1137 1138 1139 1140 1141 1142 1143 1144 1145 1146 1147 1148 
#module 12 size: 72 bs: 4.13876e-11
11 29 55 60 71 79 82 90 132 152 157 161 165 172 176 189 195 199 208 225 254 288 293 310 311 347 354 356 359 372 394 402 405 417 461 462 467 529 532 559 585 589 606 611 632 654 679 683 715 723 727 754 755 758 766 772 787 804 821 824 841 842 873 878 915 916 920 938 944 959 965 973 
#module 13 size: 68 bs: 3.36359e-09
13 14 44 48 57 93 100 110 128 131 138 146 162 166 207 220 241 261 274 303 314 343 365 433 444 459 464 477 482 486 494 495 498 517 543 558 575 584 595 599 649 678 695 699 729 736 744 753 756 768 769 774 791 826 836 838 848 849 856 867 868 874 897 903 912 923 924 967 
#module 14 size: 56 bs: 1.44251e-11
49 63 104 113 115 137 141 160 174 179 185 194 234 242 248 256 295 308 324 369 376 385 389 395 397 404 458 475 478 490 513 552 625 647 667 673 684 726 732 743 747 761 767 776 788 829 830 840 850 853 877 882 889 907 943 947 
#module 15 size: 69 bs: 7.79532e-12
967 1233 1234 1235 1236 1237 1238 1239 1240 1241 1242 1243 1244 1245 1246 1247 1248 1249 1250 1251 1252 1253 1254 1255 1256 1257 1258 1259 1260 1261 1262 1263 1264 1265 1266 1267 1268 1269 1270 1271 1272 1273 1274 1275 1276 1277 1278 1279 1280 1281 1282 1283 1284 1285 1286 1287 1288 1289 1290 1291 1292 1293 1294 1295 1296 1297 1298 1299 1300 
#module 16 size: 65 bs: 1.81692e-11
16 21 27 40 51 62 81 112 151 177 226 267 272 290 298 299 305 320 331 349 373 375 390 392 393 406 409 440 448 465 470 484 485 533 544 594 596 605 645 650 661 674 675 680 685 686 689 696 704 716 740 760 771 777 796 810 815 855 857 875 879 890 926 940 952 
#module 17 size: 53 bs: 1.87739e-12
23 24 26 39 45 46 52 59 88 103 116 164 169 178 187 190 193 206 210 213 255 264 271 306 329 368 377 421 423 443 452 474 506 541 550 573 608 617 618 619 656 688 741 799 808 812 835 866 872 900 930 931 933 
#module 0 size: 59 bs: 9.53815e-12
0 22 47 85 94 98 102 106 109 143 144 147 148 171 182 192 205 215 227 239 251 262 275 380 398 413 416 523 538 549 568 582 620 622 626 638 644 690 691 703 713 728 734 765 793 806 813 823 832 845 858 860 896 919 925 932 950 954 957 
#module 1 size: 57 bs: 9.24583e-12
1 2 36 38 119 127 201 216 221 257 260 273 284 285 317 318 319 321 327 337 341 355 438 439 453 463 473 483 504 542 555 566 567 613 651 659 665 677 681 687 707 710 717 724 737 739 762 778 780 816 847 861 871 892 906 951 958 
#module 2 size: 93 bs: 7.51399e-10
7 9 32 33 41 43 65 69 73 75 91 105 118 133 150 154 168 183 211 232 238 249 253 265 287 289 302 307 336 346 351 370 381 426 427 428 431 436 442 447 468 493 499 514 515 518 519 526 531 547 548 553 571 579 581 591 593 600 601 602 604 623 628 629 640 657 660 662 697 701 733 742 784 795 811 834 843 862 876 880 888 905 908 922 948 966 968 972 983 987 991 993 997 
#module 3 size: 69 bs: 3.39081e-11
3 15 31 35 50 67 70 76 89 96 155 156 181 203 235 250 263 279 281 286 292 333 360 384 391 401 412 434 446 469 476 480 489 501 540 545 564 577 580 588 607 609 624 663 676 700 720 757 763 770 773 775 783 801 802 803 809 818 825 839 852 881 899 902 928 934 945 956 962 
#module 4 size: 57 bs: 1.92424e-12
4 8 12 17 68 74 80 97 99 139 140 153 188 191 198 223 240 266 294 300 301 312 325 332 348 386 387 399 425 450 456 524 530 554 560 565 572 633 637 642 653 668 709 721 730 746 759 798 814 828 851 865 883 893 918 927 946 
#module 5 size: 84 bs: 1.66239e-08
5 19 53 54 66 72 120 121 123 125 136 180 214 217 218 222 230 233 236 246 269 276 282 283 304 313 322 326 328 334 345 362 382 396 420 451 454 466 487 496 500 507 511 516 521 528 535 539 556 561 562 603 612 669 671 718 719 745 750 786 790 807 817 819 820 869 870 884 887 891 911 929 936 937 942 949 955 960 963 964 979 984 988 989 
#module 6 size: 85 bs: 1.78191e-13
989 1149 1150 1151 1152 1153 1154 1155 1156 1157 1158 1159 1160 1161 1162 1163 1164 1165 1166 1167 1168 1169 1170 1171 1172 1173 1174 1175 1176 1177 1178 1179 1180 1181 1182 1183 1184 1185 1186 1187 1188 1189 1190 1191 1192 1193 1194 1195 1196 1197 1198 1199 1200 1201 1202 1203 1204 1205 1206 1207 1208 1209 1210 1211 1212 1213 1214 1215 1216 1217 1218 1219 1220 1221 1222 1223 1224 1225 1226 1227 1228 1229 1230 1231 1232 
#module 7 size: 73 bs: 5.86784e-11
6 34 42 77 114 122 124 159 163 196 202 212 219 224 229 244 247 296 339 342 363 367 371 400 408 414 432 437 445 460 488 502 509 510 520 527 536 557 578 586 587 592 616 630 635 636 641 646 658 670 672 692 694 708 712 735 748 779 781 782 792 794 797 837 846 863 885 898 917 953 969 974 976 
#module 8 size: 58 bs: 5.77316e-15
946 1000 1001 1002 1003 1004 1005 1006 1007 1008 1009 1010 1011 1012 1013 1014 1015 1016 1017 1018 1019 1020 1021 1022 1023 1024 1025 1026 1027 1028 1029 1030 1031 1032 1033 1034 1035 1036 1037 1038 1039 1040 1041 1042 1043 1044 1045 1046 1047 1048 1049 1050 1051 1052 1053 1054 1055 1056 
#module 9 size: 92 bs: 2.57846e-08
10 25 28 37 58 78 83 101 108 111 129 130 134 167 186 197 204 231 237 258 259 309 315 316 323 335 338 340 344 352 353 361 366 378 383 388 411 415 419 422 429 435 441 455 471 472 481 491 497 508 512 522 525 537 546 551 569 570 583 590 597 634 643 693 705 706 714 722 731 749 785 789 800 822 844 854 859 886 895 904 909 913 935 941 961 977 978 980 981 986 995 996 
#module 10 size: 102 bs: 1.37006e-09
18 20 30 56 61 64 84 86 87 92 95 107 117 126 135 142 145 149 158 170 173 175 184 200 209 228 243 245 252 268 270 277 278 280 291 297 330 350 357 358 364 374 379 403 407 410 418 424 430 449 457 479 492 503 505 534 563 574 576 598 610 614 615 621 627 631 639 648 652 655 664 666 682 698 702 711 725 738 751 752 764 805 827 831 833 864 894 901 910 914 921 939 970 971 975 982 985 990 992 994 998 999 
#module 11 size: 93 bs: 3.052e-13
995 1057 1058 1059 1060 1061 1062 1063 1064 1065 1066 1067 1068 1069 1070 1071 1072 1073 1074 1075 1076 1077 1078 1079 1080 1081 1082 1083 1084 1085 1086 1087 1088 1089 1090 1091 1092 1093 1094 1095 1096 1097 1098 1099 1100 1101 1102 1103 1104 1105 1106 1107 1108 1109 1110 1111 1112 1113 1114 1115 1116 1117 1118 1119 1120 1121 1122 1123 1124 1125 1126 1127 1128 1129 1130 1131 1132 1133 1134 1135 1136 1137 1138 1139 1140 1141 1142 1143 1144 1145 1146 1147 1148 
#module 12 size: 72 bs: 4.13877e-11
11 29 55 60 71 79 82 90 132 152 157 161 165 172 176 189 195 199 208 225 254 288 293 310 311 347 354 356 359 372 394 402 405 417 461 462 467 529 532 559 585 589 606 611 632 654 679 683 715 723 727 754 755 758 766 772 787 804 821 824 841 842 873 878 915 916 920 938 944 959 965 973 
#module 13 size: 68 bs: 3.36359e-09
13 14 44 48 57 93 100 110 128 131 138 146 162 166 207 220 241 261 274 303 314 343 365 433 444 459 464 477 482 486 494 495 498 517 543 558 575 584 595 599 649 678 695 699 729 736 744 753 756 768 769 774 791 826 836 838 848 849 856 867 868 874 897 903 912 923 924 967 
#module 14 size: 56 bs: 1.44251e-11
49 63 104 113 115 137 141 160 174 179 185 194 234 242 248 256 295 308 324 369 376 385 389 395 397 404 458 475 478 490 513 552 625 647 667 673 684 726 732 743 747 761 767 776 788 829 830 840 850 853 877 882 889 907 943 947 
#module 15 size: 69 bs: 7.79532e-12
967 1233 1234 1235 1236 1237 1238 1239 1240 1241 1242 1243 1244 1245 1246 1247 1248 1249 1250 1251 1252 1253 1254 1255 1256 1257 1258 1259 1260 1261 1262 1263 1264 1265 1266 1267 1268 1269 1270 1271 1272 1273 1274 1275 1276 1277 1278 1279 1280 1281 1282 1283 1284 1285 1286 1287 1288 1289 1290 1291 1292 1293 1294 1295 1296 1297 1298 1299 1300 
#module 16 size: 65 bs: 1.81692e-11
16 21 27 40 51 62 81 112 151 177 226 267 272 290 298 299 305 320 331 349 373 375 390 392 393 406 409 440 448 465 470 484 485 533 544 594 596 605 645 650 661 674 675 680 685 686 689 696 704 716 740 760 771 777 796 810 815 855 857 875 879 890 926 940 952 
#module 17 size: 53 bs: 1.87739e-12
23 24 26 39 45 46 52 59 88 103 116 164 169 178 187 190 193 206 210 213 255 264 271 306 329 368 377 421 423 443 452 474 506 541 550 573 608 617 618 619 656 688 741 799 808 812 835 866 872 900 930 931 933 
#module 0 size: 59 bs: 9.53815e-12
0 22 47 85 94 98 102 106 109 143 144 147 148 171 182 192 205 215 227 239 251 262 275 380 398 413 416 523 538 549 568 582 620 622 626 638 644 690 691 703 713 728 734 765 793 806 813 823 832 845 858 860 896 919 925 932 950 954 957 
#module 1 size: 57 bs: 9.24583e-12
1 2 36 38 119 127 201 216 221 257 260 273 284 285 317 318 319 321 327 337 341 355 438 439 453 463 473 483 504 542 555 566 567 613 651 659 665 677 681 687 707 710 717 724 737 739 762 778 780 816 847 861 871 892 906 951 958 
#module 2 size: 93 bs: 7.514e-10
7 9 32 33 41 43 65 69 73 75 91 105 118 133 150 154 168 183 211 232 238 249 253 265 287 289 302 307 336 346 351 370 381 426 427 428 431 436 442 447 468 493 499 514 515 518 519 526 531 547 548 553 571 579 581 591 593 600 601 602 604 623 628 629 640 657 660 662 697 701 733 742 784 795 811 834 843 862 876 880 888 905 908 922 948 966 968 972 983 987 991 993 997 
#module 3 size: 69 bs: 3.39081e-11
3 15 31 35 50 67 70 76 89 96 155 156 181 203 235 250 263 279 281 286 292 333 360 384 391 401 412 434 446 469 476 480 489 501 540 545 564 577 580 588 607 609 624 663 676 700 720 757 763 770 773 775 783 801 802 803 809 818 825 839 852 881 899 902 928 934 945 956 962 
#module 4 size: 57 bs: 1.92424e-12
4 8 12 17 68 74 80 97 99 139 140 153 188 191 198 223 240 266 294 300 301 312 325 332 348 386 387 399 425 450 456 524 530 554 560 565 572 633 637 642 653 668 709 721 730 746 759 798 814 828 851 865 883 893 918 927 946 
#module 5 size: 84 bs: 1.66239e-08
5 19 53 54 66 72 120 121 123 125 136 180 214 217 218 222 230 233 236 246 269 276 282 283 304 313 322 326 328 334 345 362 382 396 420 451 454 466 487 496 500 507 511 516 521 528 535 539 556 561 562 603 612 669 671 718 719 745 750 786 790 807 817 819 820 869 870 884 887 891 911 929 936 937 942 949 955 960 963 964 979 984 988 989 
#module 6 size: 85 bs: 1.78191e-13
989 1149 1150 1151 1152 1153 1154 1155 1156 1157 1158 1159 1160 1161 1162 1163 1164 1165 1166 1167 1168 1169 1170 1171 1172 1173 1174 1175 1176 1177 1178 1179 1180 1181 1182 1183 1184 1185 1186 1187 1188 1189 1190 1191 1192 1193 1194 1195 1196 1197 1198 1199 1200 1201 1202 1203 1204 1205 1206 1207 1208 1209 1210 1211 1212 1213 1214 1215 1216 1217 1218 1219 1220 1221 1222 1223 1224 1225 1226 1227 1228 1229 1230 1231 1232 
#module 7 size: 73 bs: 5.86784e-11
6 34 42 77 114 122 124 159 163 196 202 212 219 224 229 244 247 296 339 342 363 367 371 400 408 414 432 437 445 460 488 502 509 510 520 527 536 557 578 586 587 592 616 630 635 636 641 646 658 670 672 692 694 708 712 735 748 779 781 782 792 794 797 837 846 863 885 898 917 953 969 974 976 
#module 8 size: 58 bs: 5.77316e-15
946 1000 1001 1002 1003 1004 1005 1006 1007 1008 1009 1010 1011 1012 1013 1014 1015 1016 1017 1018 1019 1020 1021 1022 1023 1024 1025 1026 1027 1028 1029 1030 1031 1032 1033 1034 1035 1036 1037 1038 1039 1040 1041 1042 1043 1044 1045 1046 1047 1048 1049 1050 1051 1052 1053 1054 1055 1056 
#module 9 size: 92 bs: 2.57846e-08
10 25 28 37 58 78 83 101 108 111 129 130 134 167 186 197 204 231 237 258 259 309 315 316 323 335 338 340 344 352 353 361 366 378 383 388 411 415 419 422 429 435 441 455 471 472 481 491 497 508 512 522 525 537 546 551 569 570 583 590 597 634 643 693 705 706 714 722 731 749 785 789 800 822 844 854 859 886 895 904 909 913 935 941 961 977 978 980 981 986 995 996 
#module 10 size: 102 bs: 1.37006e-09
18 20 30 56 61 64 84 86 87 92 95 107 117 126 135 142 145 149 158 170 173 175 184 200 209 228 243 245 252 268 270 277 278 280 291 297 330 350 357 358 364 374 379 403 407 410 418 424 430 449 457 479 492 503 505 534 563 574 576 598 610 614 615 621 627 631 639 648 652 655 664 666 682 698 702 711 725 738 751 752 764 805 827 831 833 864 894 901 910 914 921 939 970 971 975 982 985 990 992 994 998 999 
#module 11 size: 93 bs: 3.052e-13
995 1057 1058 1059 1060 1061 1062 1063 1064 1065 1066 1067 1068 1069 1070 1071 1072 1073 1074 1075 1076 1077 1078 1079 1080 1081 1082 1083 1084 1085 1086 1087 1088 1089 1090 1091 1092 1093 1094 1095 1096 1097 1098 1099 1100 1101 1102 1103 1104 1105 1106 1107 1108 1109 1110 1111 1112 1113 1114 1115 1116 1117 1118 1119 1120 1121 1122 1123 1124 1125 1126 1127 1128 1129 1130 1131 1132 1133 1134 1135 1136 1137 1138 1139 1140 1141 1142 1143 1144 1145 1146 1147 1148 
#module 12 size: 72 bs: 4.13877e-11
11 29 55 60 71 79 82 90 132 152 157 161 165 172 176 189 195 199 208 225 254 288 293 310 311 347 354 356 359 372 394 402 405 417 461 462 467 529 532 559 585 589 606 611 632 654 679 683 715 723 727 754 755 758 766 772 787 804 821 824 841 842 873 878 915 916 920 938 944 959 965 973 
#module 13 size: 68 bs: 3.36359e-09
13 14 44 48 57 93 100 110 128 131 138 146 162 166 207 220 241 261 274 303 314 343 365 433 444 459 464 477 482 486 494 495 498 517 543 558 575 584 595 599 649 678 695 699 729 736 744 753 756 768 769 774 791 826 836 838 848 849 856 867 868 874 897 903 912 923 924 967 
#module 14 size: 56 bs: 1.44251e-11
49 63 104 113 115 137 141 160 174 179 185 194 234 242 248 256 295 308 324 369 376 385 389 395 397 404 458 475 478 490 513 552 625 647 667 673 684 726 732 743 747 761 767 776 788 829 830 840 850 853 877 882 889 907 943 947 
#module 15 size: 69 bs: 7.79532e-12
967 1233 1234 1235 1236 1237 1238 1239 1240 1241 1242 1243 1244 1245 1246 1247 1248 1249 1250 1251 1252 1253 1254 1255 1256 1257 1258 1259 1260 1261 1262 1263 1264 1265 1266 1267 1268 1269 1270 1271 1272 1273 1274 1275 1276 1277 1278 1279 1280 1281 1282 1283 1284 1285 1286 1287 1288 1289 1290 1291 1292 1293 1294 1295 1296 1297 1298 1299 1300 
#module 16 size: 65 bs: 1.81692e-11
16 21 27 40 51 62 81 112 151 177 226 267 272 290 298 299 305 320 331 349 373 375 390 392 393 406 409 440 448 465 470 484 485 533 544 594 596 605 645 650 661 674 675 680 685 686 689 696 704 716 740 760 771 777 796 810 815 855 857 875 879 890 926 940 952 
#module 17 size: 53 bs: 1.87739e-12
23 24 26 39 45 46 52 59 88 103 116 164 169 178 187 190 193 206 210 213 255 264 271 306 329 368 377 421 423 443 452 474 506 541 550 573 608 617 618 619 656 688 741 799 808 812 835 866 872 900 930 931 933 
#module 0 size: 59 bs: 9.53815e-12
0 22 47 85 94 98 102 106 109 143 144 147 148 171 182 192 205 215 227 239 251 262 275 380 398 413 416 523 538 549 568 582 620 622 626 638 644 690 691 703 713 728 734 765 793 806 813 823 832 845 858 860 896 919 925 932 950 954 957 
#module 1 size: 57 bs: 9.24583e-12
1 2 36 38 119 127 201 216 221 257 260 273 284 285 317 318 319 321 327 337 341 355 438 439 453 463 473 483 504 542 555 566 567 613 651 659 665 677 681 687 707 710 717 724 737 739 762 778 780 816 847 861 871 892 906 951 958 
#module 2 size: 93 bs: 7.51399e-10
7 9 32 33 41 43 65 69 73 75 91 105 118 133 150 154 168 183 211 232 238 249 253 265 287 289 302 307 336 346 351 370 381 426 427 428 431 436 442 447 468 493 499 514 515 518 519 526 531 547 548 553 571 579 581 591 593 600 601 602 604 623 628 629 640 657 660 662 697 701 733 742 784 795 811 834 843 862 876 880 888 905 908 922 948 966 968 972 983 987 991 993 997 
#module 3 size: 69 bs: 3.39081e-11
3 15 31 35 50 67 70 76 89 96 155 156 181 203 235 250 263 279 281 286 292 333 360 384 391 401 412 434 446 469 476 480 489 501 540 545 564 577 580 588 607 609 624 663 676 700 720 757 763 770 773 775 783 801 802 803 809 818 825 839 852 881 899 902 928 934 945 956 962 
#module 4 size: 57 bs: 1.92424e-12
4 8 12 17 68 74 80 97 99 139 140 153 188 191 198 223 240 266 294 300 301 312 325 332 348 386 387 399 425 450 456 524 530 554 560 565 572 633 637 642 653 668 709 721 730 746 759 798 814 828 851 865 883 893 918 927 946 
#module 5 size: 84 bs: 1.66239e-08
5 19 53 54 66 72 120 121 123 125 136 180 214 217 218 222 230 233 236 246 269 276 282 283 304 313 322 326 328 334 345 362 382 396 420 451 454 466 487 496 500 507 511 516 521 528 535 539 556 561 562 603 612 669 671 718 719 745 750 786 790 807 817 819 820 869 870 884 887 891 911 929 936 937 942 949 955 960 963 964 979 984 988 989 
#module 6 size: 85 bs: 1.78191e-13
989 1149 1150 1151 1152 1153 1154 1155 1156 1157 1158 1159 1160 1161 1162 1163 1164 1165 1166 1167 1168 1169 1170 1171 1172 1173 1174 1175 1176 1177 1178 1179 1180 1181 1182 1183 1184 1185 1186 1187 1188 1189 1190 1191 1192 1193 1194 1195 1196 1197 1198 1199 1200 1201 1202 1203 1204 1205 1206 1207 1208 1209 1210 1211 1212 1213 1214 1215 1216 1217 1218 1219 1220 1221 1222 1223 1224 1225 1226 1227 1228 1229 1230 1231 1232 
#module 7 size: 73 bs: 5.86784e-11
6 34 42 77 114 122 124 159 163 196 202 212 219 224 229 244 247 296 339 342 363 367 371 400 408 414 432 437 445 460 488 502 509 510 520 527 536 557 578 586 587 592 616 630 635 636 641 646 658 670 672 692 694 708 712 735 748 779 781 782 792 794 797 837 846 863 885 898 917 953 969 974 976 
#module 8 size: 58 bs: 5.77316e-15
946 1000 1001 1002 1003 1004 1005 1006 1007 1008 1009 1010 1011 1012 1013 1014 1015 1016 1017 1018 1019 1020 1021 1022 1023 1024 1025 1026 1027 1028 1029 1030 1031 1032 1033 1034 1035 1036 1037 1038 1039 1040 1041 1042 1043 1044 1045 1046 1047 1048 1049 1050 1051 1052 1053 1054 1055 1056 
#module 9 size: 92 bs: 2.57846e-08
10 25 28 37 58 78 83 101 108 111 129 130 134 167 186 197 204 231 237 258 259 309 315 316 323 335 338 340 344 352 353 361 366 378 383 388 411 415 419 422 429 435 441 455 471 472 481 491 497 508 512 522 525 537 546 551 569 570 583 590 597 634 643 693 705 706 714 722 731 749 785 789 800 822 844 854 859 886 895 904 909 913 935 941 961 977 978 980 981 986 995 996 
#module 10 size: 102 bs: 1.37006e-09
18 20 30 56 61 64 84 86 87 92 95 107 117 126 135 142 145 149 158 170 173 175 184 200 209 228 243 245 252 268 270 277 278 280 291 297 330 350 357 358 364 374 379 403 407 410 418 424 430 449 457 479 492 503 505 534 563 574 576 598 610 614 615 621 627 631 639 648 652 655 664 666 682 698 702 711 725 738 751 752 764 805 827 831 833 864 894 901 910 914 921 939 970 971 975 982 985 990 992 994 998 999 
#module 11 size: 93 bs: 3.052e-13
995 1057 1058 1059 1060 1061 1062 1063 1064 1065 1066 1067 1068 1069 1070 1071 1072 1073 1074 1075 1076 1077 1078 1079 1080 1081 1082 1083 1084 1085 1086 1087 1088 1089 1090 1091 1092 1093 1094 1095 1096 1097 1098 1099 1100 1101 1102 1103 1104 1105 1106 1107 1108 1109 1110 1111 1112 1113 1114 1115 1116 1117 1118 1119 1120 1121 1122 1123 1124 1125 1126 1127 1128 1129 1130 1131 1132 1133 1134 1135 1136 1137 1138 1139 1140 1141 1142 1143 1144 1145 1146 1147 1148 
#module 12 size: 72 bs: 4.13876e-11
11 29 55 60 71 79 82 90 132 152 157 161 165 172 176 189 195 199 208 225 254 288 293 310 311 347 354 356 359 372 394 402 405 417 461 462 467 529 532 559 585 589 606 611 632 654 679 683 715 723 727 754 755 758 766 772 787 804 821 824 841 842 873 878 915 916 920 938 944 959 965 973 
#module 13 size: 68 bs: 3.36359e-09
13 14 44 48 57 93 100 110 128 131 138 146 162 166 207 220 241 261 274 303 314 343 365 433 444 459 464 477 482 486 494 495 498 517 543 558 575 584 595 599 649 678 695 699 729 736 744 753 756 768 769 774 791 826 836 838 848 849 856 867 868 874 897 903 912 923 924 967 
#module 14 size: 56 bs: 1.44251e-11
49 63 104 113 115 137 141 160 174 179 185 194 234 242 248 256 295 308 324 369 376 385 389 395 397 404 458 475 478 490 513 552 625 647 667 673 684 726 732 743 747 761 767 776 788 829 830 840 850 853 877 882 889 907 943 947 
#module 15 size: 69 bs: 7.79532e-12
967 1233 1234 1235 1236 1237 1238 1239 1240 1241 1242 1243 1244 1245 1246 1247 1248 1249 1250 1251 1252 1253 1254 1255 1256 1257 1258 1259 1260 1261 1262 1263 1264 1265 1266 1267 1268 1269 1270 1271 1272 1273 1274 1275 1276 1277 1278 1279 1280 1281 1282 1283 1284 1285 1286 1287 1288 1289 1290 1291 1292 1293 1294 1295 1296 1297 1298 1299 1300 
#module 16 size: 65 bs: 1.81692e-11
16 21 27 40 51 62 81 112 151 177 226 267 272 290 298 299 305 320 331 349 373 375 390 392 393 406 409 440 448 465 470 484 485 533 544 594 596 605 645 650 661 674 675 680 685 686 689 696 704 716 740 760 771 777 796 810 815 855 857 875 879 890 926 940 952 
#module 17 size: 53 bs: 1.87739e-12
23 24 26 39 45 46 52 59 88 103 116 164 169 178 187 190 193 206 210 213 255 264 271 306 329 368 377 421 423 443 452 474 506 541 550 573 608 617 618 619 656 688 741 799 808 812 835 866 872 900 930 931 933 
#module 0 size: 59 bs: 9.53815e-12
0 22 47 85 94 98 102 106 109 143 144 147 148 171 182 192 205 215 227 239 251 262 275 380 398 413 416 523 538 549 568 582 620 622 626 638 644 690 691 703 713 728 734 765 793 806 813 823 832 845 858 860 896 919 925 932 950 954 957 
#module 1 size: 57 bs: 9.24583e-12
1 2 36 38 119 127 201 216 221 257 260 273 284 285 317 318 319 321 327 337 341 355 438 439 453 463 473 483 504 542 555 566 567 613 651 659 665 677 681 687 707 710 717 724 737 739 762 778 780 816 847 861 871 892 906 951 958 
#module 2 size: 93 bs: 7.514e-10
7 9 32 33 41 43 65 69 73 75 91 105 118 133 150 154 168 183 211 232 238 249 253 265 287 289 302 307 336 346 351 370 381 426 427 428 431 436 442 447 468 493 499 514 515 518 519 526 531 547 548 553 571 579 581 591 593 600 601 602 604 623 628 629 640 657 660 662 697 701 733 742 784 795 811 834 843 862 876 880 888 905 908 922 948 966 968 972 983 987 991 993 997 
#module 3 size: 69 bs: 3.39081e-11
3 15 31 35 50 67 70 76 89 96 155 156 181 203 235 250 263 279 281 286 292 333 360 384 391 401 412 434 446 469 476 480 489 501 540 545 564 577 580 588 607 609 624 663 676 700 720 757 763 770 773 775 783 801 802 803 809 818 825 839 852 881 899 902 928 934 945 956 962 
#module 4 size: 57 bs: 1.92424e-12
4 8 12 17 68 74 80 97 99 139 140 153 188 191 198 223 240 266 294 300 301 312 325 332 348 386 387 399 425 450 456 524 530 554 560 565 572 633 637 642 653 668 709 721 730 746 759 798 814 828 851 865 883 893 918 927 946 
#module 5 size: 84 bs: 1.66239e-08
5 19 53 54 66 72 120 121 123 125 136 180 214 217 218 222 230 233 236 246 269 276 282 283 304 313 322 326 328 334 345 362 382 396 420 451 454 466 487 496 500 507 511 516 521 528 535 539 556 561 562 603 612 669 671 718 719 745 750 786 790 807 817 819 820 869 870 884 887 891 911 929 936 937 942 949 955 960 963 964 979 984 988 989 
#module 6 size: 85 bs: 1.78191e-13
989 1149 1150 1151 1152 1153 1154 1155 1156 1157 1158 1159 1160 1161 1162 1163 1164 1165 1166 1167 1168 1169 1170 1171 1172 1173 1174 1175 1176 1177 1178 1179 1180 1181 1182 1183 1184 1185 1186 1187 1188 1189 1190 1191 1192 1193 1194 1195 1196 1197 1198 1199 1200 1201 1202 1203 1204 1205 1206 1207 1208 1209 1210 1211 1212 1213 1214 1215 1216 1217 1218 1219 1220 1221 1222 1223 1224 1225 1226 1227 1228 1229 1230 1231 1232 
#module 7 size: 73 bs: 5.86784e-11
6 34 42 77 114 122 124 159 163 196 202 212 219 224 229 244 247 296 339 342 363 367 371 400 408 414 432 437 445 460 488 502 509 510 520 527 536 557 578 586 587 592 616 630 635 636 641 646 658 670 672 692 694 708 712 735 748 779 781 782 792 794 797 837 846 863 885 898 917 953 969 974 976 
#module 8 size: 58 bs: 5.77316e-15
946 1000 1001 1002 1003 1004 1005 1006 1007 1008 1009 1010 1011 1012 1013 1014 1015 1016 1017 1018 1019 1020 1021 1022 1023 1024 1025 1026 1027 1028 1029 1030 1031 1032 1033 1034 1035 1036 1037 1038 1039 1040 1041 1042 1043 1044 1045 1046 1047 1048 1049 1050 1051 1052 1053 1054 1055 1056 
#module 9 size: 92 bs: 2.57846e-08
10 25 28 37 58 78 83 101 108 111 129 130 134 167 186 197 204 231 237 258 259 309 315 316 323 335 338 340 344 352 353 361 366 378 383 388 411 415 419 422 429 435 441 455 471 472 481 491 497 508 512 522 525 537 546 551 569 570 583 590 597 634 643 693 705 706 714 722 731 749 785 789 800 822 844 854 859 886 895 904 909 913 935 941 961 977 978 980 981 986 995 996 
#module 10 size: 102 bs: 1.37006e-09
18 20 30 56 61 64 84 86 87 92 95 107 117 126 135 142 145 149 158 170 173 175 184 200 209 228 243 245 252 268 270 277 278 280 291 297 330 350 357 358 364 374 379 403 407 410 418 424 430 449 457 479 492 503 505 534 563 574 576 598 610 614 615 621 627 631 639 648 652 655 664 666 682 698 702 711 725 738 751 752 764 805 827 831 833 864 894 901 910 914 921 939 970 971 975 982 985 990 992 994 998 999 
#module 11 size: 93 bs: 3.052e-13
995 1057 1058 1059 1060 1061 1062 1063 1064 1065 1066 1067 1068 1069 1070 1071 1072 1073 1074 1075 1076 1077 1078 1079 1080 1081 1082 1083 1084 1085 1086 1087 1088 1089 1090 1091 1092 1093 1094 1095 1096 1097 1098 1099 1100 1101 1102 1103 1104 1105 1106 1107 1108 1109 1110 1111 1112 1113 1114 1115 1116 1117 1118 1119 1120 1121 1122 1123 1124 1125 1126 1127 1128 1129 1130 1131 1132 1133 1134 1135 1136 1137 1138 1139 1140 1141 1142 1143 1144 1145 1146 1147 1148 
#module 12 size: 72 bs: 4.13876e-11
11 29 55 60 71 79 82 90 132 152 157 161 165 172 176 189 195 199 208 225 254 288 293 310 311 347 354 356 359 372 394 402 405 417 461 462 467 529 532 559 585 589 606 611 632 654 679 683 715 723 727 754 755 758 766 772 787 804 821 824 841 842 873 878 915 916 920 938 944 959 965 973 
#module 13 size: 68 bs: 3.36359e-09
13 14 44 48 57 93 100 110 128 131 138 146 162 166 207 220 241 261 274 303 314 343 365 433 444 459 464 477 482 486 494 495 498 517 543 558 575 584 595 599 649 678 695 699 729 736 744 753 756 768 769 774 791 826 836 838 848 849 856 867 868 874 897 903 912 923 924 967 
#module 14 size: 56 bs: 1.44251e-11
49 63 104 113 115 137 141 160 174 179 185 194 234 242 248 256 295 308 324 369 376 385 389 395 397 404 458 475 478 490 513 552 625 647 667 673 684 726 732 743 747 761 767 776 788 829 830 840 850 853 877 882 889 907 943 947 
#module 15 size: 69 bs: 7.79532e-12
967 1233 1234 1235 1236 1237 1238 1239 1240 1241 1242 1243 1244 1245 1246 1247 1248 1249 1250 1251 1252 1253 1254 1255 1256 1257 1258 1259 1260 1261 1262 1263 1264 1265 1266 1267 1268 1269 1270 1271 1272 1273 1274 1275 1276 1277 1278 1279 1280 1281 1282 1283 1284 1285 1286 1287 1288 1289 1290 1291 1292 1293 1294 1295 1296 1297 1298 1299 1300 
#module 16 size: 65 bs: 1.81692e-11
16 21 27 40 51 62 81 112 151 177 226 267 272 290 298 299 305 320 331 349 373 375 390 392 393 406 409 440 448 465 470 484 485 533 544 594 596 605 645 650 661 674 675 680 685 686 689 696 704 716 740 760 771 777 796 810 815 855 857 875 879 890 926 940 952 
#module 17 size: 53 bs: 1.87739e-12
23 24 26 39 45 46 52 59 88 103 116 164 169 178 187 190 193 206 210 213 255 264 271 306 329 368 377 421 423 443 452 474 506 541 550 573 608 617 618 619 656 688 741 799 808 812 835 866 872 900 930 931 933 
#module 0 size: 59 bs: 9.53815e-12
0 22 47 85 94 98 102 106 109 143 144 147 148 171 182 192 205 215 227 239 251 262 275 380 398 413 416 523 538 549 568 582 620 622 626 638 644 690 691 703 713 728 734 765 793 806 813 823 832 845 858 860 896 919 925 932 950 954 957 
#module 1 size: 57 bs: 9.24583e-12
1 2 36 38 119 127 201 216 221 257 260 273 284 285 317 318 319 321 327 337 341 355 438 439 453 463 473 483 504 542 555 566 567 613 651 659 665 677 681 687 707 710 717 724 737 739 762 778 780 816 847 861 871 892 906 951 958 
#module 2 size: 93 bs: 7.514e-10
7 9 32 33 41 43 65 69 73 75 91 105 118 133 150 154 168 183 211 232 238 249 253 265 287 289 302 307 336 346 351 370 381 426 427 428 431 436 442 447 468 493 499 514 515 518 519 526 531 547 548 553 571 579 581 591 593 600 601 602 604 623 628 629 640 657 660 662 697 701 733 742 784 795 811 834 843 862 876 880 888 905 908 922 948 966 968 972 983 987 991 993 997 
#module 3 size: 69 bs: 3.39081e-11
3 15 31 35 50 67 70 76 89 96 155 156 181 203 235 250 263 279 281 286 292 333 360 384 391 401 412 434 446 469 476 480 489 501 540 545 564 577 580 588 607 609 624 663 676 700 720 757 763 770 773 775 783 801 802 803 809 818 825 839 852 881 899 902 928 934 945 956 962 
#module 4 size: 57 bs: 1.92424e-12
4 8 12 17 68 74 80 97 99 139 140 153 188 191 198 223 240 266 294 300 301 312 325 332 348 386 387 399 425 450 456 524 530 554 560 565 572 633 637 642 653 668 709 721 730 746 759 798 814 828 851 865 883 893 918 927 946 
#module 5 size: 84 bs: 1.66239e-08
5 19 53 54 66 72 120 121 123 125 136 180 214 217 218 222 230 233 236 246 269 276 282 283 304 313 322 326 328 334 345 362 382 396 420 451 454 466 487 496 500 507 511 516 521 528 535 539 556 561 562 603 612 669 671 718 719 745 750 786 790 807 817 819 820 869 870 884 887 891 911 929 936 937 942 949 955 960 963 964 979 984 988 989 
#module 6 size: 85 bs: 1.78191e-13
989 1149 1150 1151 1152 1153 1154 1155 1156 1157 1158 1159 1160 1161 1162 1163 1164 1165 1166 1167 1168 1169 1170 1171 1172 1173 1174 1175 1176 1177 1178 1179 1180 1181 1182 1183 1184 1185 1186 1187 1188 1189 1190 1191 1192 1193 1194 1195 1196 1197 1198 1199 1200 1201 1202 1203 1204 1205 1206 1207 1208 1209 1210 1211 1212 1213 1214 1215 1216 1217 1218 1219 1220 1221 1222 1223 1224 1225 1226 1227 1228 1229 1230 1231 1232 
#module 7 size: 73 bs: 5.86785e-11
6 34 42 77 114 122 124 159 163 196 202 212 219 224 229 244 247 296 339 342 363 367 371 400 408 414 432 437 445 460 488 502 509 510 520 527 536 557 578 586 587 592 616 630 635 636 641 646 658 670 672 692 694 708 712 735 748 779 781 782 792 794 797 837 846 863 885 898 917 953 969 974 976 
#module 8 size: 58 bs: 5.77316e-15
946 1000 1001 1002 1003 1004 1005 1006 1007 1008 1009 1010 1011 1012 1013 1014 1015 1016 1017 1018 1019 1020 1021 1022 1023 1024 1025 1026 1027 1028 1029 1030 1031 1032 1033 1034 1035 1036 1037 1038 1039 1040 1041 1042 1043 1044 1045 1046 1047 1048 1049 1050 1051 1052 1053 1054 1055 1056 
#module 9 size: 92 bs: 2.57846e-08
10 25 28 37 58 78 83 101 108 111 129 130 134 167 186 197 204 231 237 258 259 309 315 316 323 335 338 340 344 352 353 361 366 378 383 388 411 415 419 422 429 435 441 455 471 472 481 491 497 508 512 522 525 537 546 551 569 570 583 590 597 634 643 693 705 706 714 722 731 749 785 789 800 822 844 854 859 886 895 904 909 913 935 941 961 977 978 980 981 986 995 996 
#module 10 size: 102 bs: 1.37006e-09
18 20 30 56 61 64 84 86 87 92 95 107 117 126 135 142 145 149 158 170 173 175 184 200 209 228 243 245 252 268 270 277 278 280 291 297 330 350 357 358 364 374 379 403 407 410 418 424 430 449 457 479 492 503 505 534 563 574 576 598 610 614 615 621 627 631 639 648 652 655 664 666 682 698 702 711 725 738 751 752 764 805 827 831 833 864 894 901 910 914 921 939 970 971 975 982 985 990 992 994 998 999 
#module 11 size: 93 bs: 3.052e-13
995 1057 1058 1059 1060 1061 1062 1063 1064 1065 1066 1067 1068 1069 1070 1071 1072 1073 1074 1075 1076 1077 1078 1079 1080 1081 1082 1083 1084 1085 1086 1087 1088 1089 1090 1091 1092 1093 1094 1095 1096 1097 1098 1099 1100 1101 1102 1103 1104 1105 1106 1107 1108 1109 1110 1111 1112 1113 1114 1115 1116 1117 1118 1119 1120 1121 1122 1123 1124 1125 1126 1127 1128 1129 1130 1131 1132 1133 1134 1135 1136 1137 1138 1139 1140 1141 1142 1143 1144 1145 1146 1147 1148 
#module 12 size: 72 bs: 4.13876e-11
11 29 55 60 71 79 82 90 132 152 157 161 165 172 176 189 195 199 208 225 254 288 293 310 311 347 354 356 359 372 394 402 405 417 461 462 467 529 532 559 585 589 606 611 632 654 679 683 715 723 727 754 755 758 766 772 787 804 821 824 841 842 873 878 915 916 920 938 944 959 965 973 
#module 13 size: 68 bs: 3.36359e-09
13 14 44 48 57 93 100 110 128 131 138 146 162 166 207 220 241 261 274 303 314 343 365 433 444 459 464 477 482 486 494 495 498 517 543 558 575 584 595 599 649 678 695 699 729 736 744 753 756 768 769 774 791 826 836 838 848 849 856 867 868 874 897 903 912 923 924 967 
#module 14 size: 56 bs: 1.44251e-11
49 63 104 113 115 137 141 160 174 179 185 194 234 242 248 256 295 308 324 369 376 385 389 395 397 404 458 475 478 490 513 552 625 647 667 673 684 726 732 743 747 761 767 776 788 829 830 840 850 853 877 882 889 907 943 947 
#module 15 size: 69 bs: 7.79532e-12
967 1233 1234 1235 1236 1237 1238 1239 1240 1241 1242 1243 1244 1245 1246 1247 1248 1249 1250 1251 1252 1253 1254 1255 1256 1257 1258 1259 1260 1261 1262 1263 1264 1265 1266 1267 1268 1269 1270 1271 1272 1273 1274 1275 1276 1277 1278 1279 1280 1281 1282 1283 1284 1285 1286 1287 1288 1289 1290 1291 1292 1293 1294 1295 1296 1297 1298 1299 1300 
#module 16 size: 65 bs: 1.81692e-11
16 21 27 40 51 62 81 112 151 177 226 267 272 290 298 299 305 320 331 349 373 375 390 392 393 406 409 440 448 465 470 484 485 533 544 594 596 605 645 650 661 674 675 680 685 686 689 696 704 716 740 760 771 777 796 810 815 855 857 875 879 890 926 940 952 
#module 17 size: 53 bs: 1.87739e-12
23 24 26 39 45 46 52 59 88 103 116 164 169 178 187 190 193 206 210 213 255 264 271 306 329 368 377 421 423 443 452 474 506 541 550 573 608 617 618 619 656 688 741 799 808 812 835 866 872 900 930 931 933 
#module 0 size: 59 bs: 9.53815e-12
0 22 47 85 94 98 102 106 109 143 144 147 148 171 182 192 205 215 227 239 251 262 275 380 398 413 416 523 538 549 568 582 620 622 626 638 644 690 691 703 713 728 734 765 793 806 813 823 832 845 858 860 896 919 925 932 950 954 957 
#module 1 size: 57 bs: 9.24583e-12
1 2 36 38 119 127 201 216 221 257 260 273 284 285 317 318 319 321 327 337 341 355 438 439 453 463 473 483 504 542 555 566 567 613 651 659 665 677 681 687 707 710 717 724 737 739 762 778 780 816 847 861 871 892 906 951 958 
#module 2 size: 93 bs: 7.51399e-10
7 9 32 33 41 43 65 69 73 75 91 105 118 133 150 154 168 183 211 232 238 249 253 265 287 289 302 307 336 346 351 370 381 426 427 428 431 436 442 447 468 493 499 514 515 518 519 526 531 547 548 553 571 579 581 591 593 600 601 602 604 623 628 629 640 657 660 662 697 701 733 742 784 795 811 834 843 862 876 880 888 905 908 922 948 966 968 972 983 987 991 993 997 
#module 3 size: 69 bs: 3.39081e-11
3 15 31 35 50 67 70 76 89 96 155 156 181 203 235 250 263 279 281 286 292 333 360 384 391 401 412 434 446 469 476 480 489 501 540 545 564 577 580 588 607 609 624 663 676 700 720 757 763 770 773 775 783 801 802 803 809 818 825 839 852 881 899 902 928 934 945 956 962 
#module 4 size: 57 bs: 1.92424e-12
4 8 12 17 68 74 80 97 99 139 140 153 188 191 198 223 240 266 294 300 301 312 325 332 348 386 387 399 425 450 456 524 530 554 560 565 572 633 637 642 653 668 709 721 730 746 759 798 814 828 851 865 883 893 918 927 946 
#module 5 size: 84 bs: 1.66239e-08
5 19 53 54 66 72 120 121 123 125 136 180 214 217 218 222 230 233 236 246 269 276 282 283 304 313 322 326 328 334 345 362 382 396 420 451 454 466 487 496 500 507 511 516 521 528 535 539 556 561 562 603 612 669 671 718 719 745 750 786 790 807 817 819 820 869 870 884 887 891 911 929 936 937 942 949 955 960 963 964 979 984 988 989 
#module 6 size: 85 bs: 1.78191e-13
989 1149 1150 1151 1152 1153 1154 1155 1156 1157 1158 1159 1160 1161 1162 1163 1164 1165 1166 1167 1168 1169 1170 1171 1172 1173 1174 1175 1176 1177 1178 1179 1180 1181 1182 1183 1184 1185 1186 1187 1188 1189 1190 1191 1192 1193 1194 1195 1196 1197 1198 1199 1200 1201 1202 1203 1204 1205 1206 1207 1208 1209 1210 1211 1212 1213 1214 1215 1216 1217 1218 1219 1220 1221 1222 1223 1224 1225 1226 1227 1228 1229 1230 1231 1232 
#module 7 size: 73 bs: 5.86784e-11
6 34 42 77 114 122 124 159 163 196 202 212 219 224 229 244 247 296 339 342 363 367 371 400 408 414 432 437 445 460 488 502 509 510 520 527 536 557 578 586 587 592 616 630 635 636 641 646 658 670 672 692 694 708 712 735 748 779 781 782 792 794 797 837 846 863 885 898 917 953 969 974 976 
#module 8 size: 58 bs: 5.77316e-15
946 1000 1001 1002 1003 1004 1005 1006 1007 1008 1009 1010 1011 1012 1013 1014 1015 1016 1017 1018 1019 1020 1021 1022 1023 1024 1025 1026 1027 1028 1029 1030 1031 1032 1033 1034 1035 1036 1037 1038 1039 1040 1041 1042 1043 1044 1045 1046 1047 1048 1049 1050 1051 1052 1053 1054 1055 1056 
#module 9 size: 92 bs: 2.57847e-08
10 25 28 37 58 78 83 101 108 111 129 130 134 167 186 197 204 231 237 258 259 309 315 316 323 335 338 340 344 352 353 361 366 378 383 388 411 415 419 422 429 435 441 455 471 472 481 491 497 508 512 522 525 537 546 551 569 570 583 590 597 634 643 693 705 706 714 722 731 749 785 789 800 822 844 854 859 886 895 904 909 913 935 941 961 977 978 980 981 986 995 996 
#module 10 size: 102 bs: 1.37006e-09
18 20 30 56 61 64 84 86 87 92 95 107 117 126 135 142 145 149 158 170 173 175 184 200 209 228 243 245 252 268 270 277 278 280 291 297 330 350 357 358 364 374 379 403 407 410 418 424 430 449 457 479 492 503 505 534 563 574 576 598 610 614 615 621 627 631 639 648 652 655 664 666 682 698 702 711 725 738 751 752 764 805 827 831 833 864 894 901 910 914 921 939 970 971 975 982 985 990 992 994 998 999 
#module 11 size: 93 bs: 3.052e-13
995 1057 1058 1059 1060 1061 1062 1063 1064 1065 1066 1067 1068 1069 1070 1071 1072 1073 1074 1075 1076 1077 1078 1079 1080 1081 1082 1083 1084 1085 1086 1087 1088 1089 1090 1091 1092 1093 1094 1095 1096 1097 1098 1099 1100 1101 1102 1103 1104 1105 1106 1107 1108 1109 1110 1111 1112 1113 1114 1115 1116 1117 1118 1119 1120 1121 1122 1123 1124 1125 1126 1127 1128 1129 1130 1131 1132 1133 1134 1135 1136 1137 1138 1139 1140 1141 1142 1143 1144 1145 1146 1147 1148 
#module 12 size: 72 bs: 4.13876e-11
11 29 55 60 71 79 82 90 132 152 157 161 165 172 176 189 195 199 208 225 254 288 293 310 311 347 354 356 359 372 394 402 405 417 461 462 467 529 532 559 585 589 606 611 632 654 679 683 715 723 727 754 755 758 766 772 787 804 821 824 841 842 873 878 915 916 920 938 944 959 965 973 
#module 13 size: 68 bs: 3.36359e-09
13 14 44 48 57 93 100 110 128 131 138 146 162 166 207 220 241 261 274 303 314 343 365 433 444 459 464 477 482 486 494 495 498 517 543 558 575 584 595 599 649 678 695 699 729 736 744 753 756 768 769 774 791 826 836 838 848 849 856 867 868 874 897 903 912 923 924 967 
#module 14 size: 56 bs: 1.44251e-11
49 63 104 113 115 137 141 160 174 179 185 194 234 242 248 256 295 308 324 369 376 385 389 395 397 404 458 475 478 490 513 552 625 647 667 673 684 726 732 743 747 761 767 776 788 829 830 840 850 853 877 882 889 907 943 947 
#module 15 size: 69 bs: 7.79532e-12
967 1233 1234 1235 1236 1237 1238 1239 1240 1241 1242 1243 1244 1245 1246 1247 1248 1249 1250 1251 1252 1253 1254 1255 1256 1257 1258 1259 1260 1261 1262 1263 1264 1265 1266 1267 1268 1269 1270 1271 1272 1273 1274 1275 1276 1277 1278 1279 1280 1281 1282 1283 1284 1285 1286 1287 1288 1289 1290 1291 1292 1293 1294 1295 1296 1297 1298 1299 1300 
#module 16 size: 65 bs: 1.81692e-11
16 21 27 40 51 62 81 112 151 177 226 267 272 290 298 299 305 320 331 349 373 375 390 392 393 406 409 440 448 465 470 484 485 533 544 594 596 605 645 650 661 674 675 680 685 686 689 696 704 716 740 760 771 777 796 810 815 855 857 875 879 890 926 940 952 
#module 17 size: 53 bs: 1.87739e-12
23 24 26 39 45 46 52 59 88 103 116 164 169 178 187 190 193 206 210 213 255 264 271 306 329 368 377 421 423 443 452 474 506 541 550 573 608 617 618 619 656 688 741 799 808 812 835 866 872 900 930 931 933 
#module 0 size: 59 bs: 9.53815e-12
0 22 47 85 94 98 102 106 109 143 144 147 148 171 182 192 205 215 227 239 251 262 275 380 398 413 416 523 538 549 568 582 620 622 626 638 644 690 691 703 713 728 734 765 793 806 813 823 832 845 858 860 896 919 925 932 950 954 957 
#module 1 size: 57 bs: 9.24583e-12
1 2 36 38 119 127 201 216 221 257 260 273 284 285 317 318 319 321 327 337 341 355 438 439 453 463 473 483 504 542 555 566 567 613 651 659 665 677 681 687 707 710 717 724 737 739 762 778 780 816 847 861 871 892 906 951 958 
#module 2 size: 93 bs: 7.51399e-10
7 9 32 33 41 43 65 69 73 75 91 105 118 133 150 154 168 183 211 232 238 249 253 265 287 289 302 307 336 346 351 370 381 426 427 428 431 436 442 447 468 493 499 514 515 518 519 526 531 547 548 553 571 579 581 591 593 600 601 602 604 623 628 629 640 657 660 662 697 701 733 742 784 795 811 834 843 862 876 880 888 905 908 922 948 966 968 972 983 987 991 993 997 
#module 3 size: 69 bs: 3.39081e-11
3 15 31 35 50 67 70 76 89 96 155 156 181 203 235 250 263 279 281 286 292 333 360 384 391 401 412 434 446 469 476 480 489 501 540 545 564 577 580 588 607 609 624 663 676 700 720 757 763 770 773 775 783 801 802 803 809 818 825 839 852 881 899 902 928 934 945 956 962 
#module 4 size: 57 bs: 1.92424e-12
4 8 12 17 68 74 80 97 99 139 140 153 188 191 198 223 240 266 294 300 301 312 325 332 348 386 387 399 425 450 456 524 530 554 560 565 572 633 637 642 653 668 709 721 730 746 759 798 814 828 851 865 883 893 918 927 946 
#module 5 size: 84 bs: 1.66239e-08
5 19 53 54 66 72 120 121 123 125 136 180 214 217 218 222 230 233 236 246 269 276 282 283 304 313 322 326 328 334 345 362 382 396 420 451 454 466 487 496 500 507 511 516 521 528 535 539 556 561 562 603 612 669 671 718 719 745 750 786 790 807 817 819 820 869 870 884 887 891 911 929 936 937 942 949 955 960 963 964 979 984 988 989 
#module 6 size: 85 bs: 1.78191e-13
989 1149 1150 1151 1152 1153 1154 1155 1156 1157 1158 1159 1160 1161 1162 1163 1164 1165 1166 1167 1168 1169 1170 1171 1172 1173 1174 1175 1176 1177 1178 1179 1180 1181 1182 1183 1184 1185 1186 1187 1188 1189 1190 1191 1192 1193 1194 1195 1196 1197 1198 1199 1200 1201 1202 1203 1204 1205 1206 1207 1208 1209 1210 1211 1212 1213 1214 1215 1216 1217 1218 1219 1220 1221 1222 1223 1224 1225 1226 1227 1228 1229 1230 1231 1232 
#module 7 size: 73 bs: 5.86784e-11
6 34 42 77 114 122 124 159 163 196 202 212 219 224 229 244 247 296 339 342 363 367 371 400 408 414 432 437 445 460 488 502 509 510 520 527 536 557 578 586 587 592 616 630 635 636 641 646 658 670 672 692 694 708 712 735 748 779 781 782 792 794 797 837 846 863 885 898 917 953 969 974 976 
#module 8 size: 58 bs: 5.77316e-15
946 1000 1001 1002 1003 1004 1005 1006 1007 1008 1009 1010 1011 1012 1013 1014 1015 1016 1017 1018 1019 1020 1021 1022 1023 1024 1025 1026 1027 1028 1029 1030 1031 1032 1033 1034 1035 1036 1037 1038 1039 1040 1041 1042 1043 1044 1045 1046 1047 1048 1049 1050 1051 1052 1053 1054 1055 1056 
#module 9 size: 92 bs: 2.57846e-08
10 25 28 37 58 78 83 101 108 111 129 130 134 167 186 197 204 231 237 258 259 309 315 316 323 335 338 340 344 352 353 361 366 378 383 388 411 415 419 422 429 435 441 455 471 472 481 491 497 508 512 522 525 537 546 551 569 570 583 590 597 634 643 693 705 706 714 722 731 749 785 789 800 822 844 854 859 886 895 904 909 913 935 941 961 977 978 980 981 986 995 996 
#module 10 size: 102 bs: 1.37006e-09
18 20 30 56 61 64 84 86 87 92 95 107 117 126 135 142 145 149 158 170 173 175 184 200 209 228 243 245 252 268 270 277 278 280 291 297 330 350 357 358 364 374 379 403 407 410 418 424 430 449 457 479 492 503 505 534 563 574 576 598 610 614 615 621 627 631 639 648 652 655 664 666 682 698 702 711 725 738 751 752 764 805 827 831 833 864 894 901 910 914 921 939 970 971 975 982 985 990 992 994 998 999 
#module 11 size: 93 bs: 3.052e-13
995 1057 1058 1059 1060 1061 1062 1063 1064 1065 1066 1067 1068 1069 1070 1071 1072 1073 1074 1075 1076 1077 1078 1079 1080 1081 1082 1083 1084 1085 1086 1087 1088 1089 1090 1091 1092 1093 1094 1095 1096 1097 1098 1099 1100 1101 1102 1103 1104 1105 1106 1107 1108 1109 1110 1111 1112 1113 1114 1115 1116 1117 1118 1119 1120 1121 1122 1123 1124 1125 1126 1127 1128 1129 1130 1131 1132 1133 1134 1135 1136 1137 1138 1139 1140 1141 1142 1143 1144 1145 1146 1147 1148 
#module 12 size: 72 bs: 4.13876e-11
11 29 55 60 71 79 82 90 132 152 157 161 165 172 176 189 195 199 208 225 254 288 293 310 311 347 354 356 359 372 394 402 405 417 461 462 467 529 532 559 585 589 606 611 632 654 679 683 715 723 727 754 755 758 766 772 787 804 821 824 841 842 873 878 915 916 920 938 944 959 965 973 
#module 13 size: 68 bs: 3.36359e-09
13 14 44 48 57 93 100 110 128 131 138 146 162 166 207 220 241 261 274 303 314 343 365 433 444 459 464 477 482 486 494 495 498 517 543 558 575 584 595 599 649 678 695 699 729 736 744 753 756 768 769 774 791 826 836 838 848 849 856 867 868 874 897 903 912 923 924 967 
#module 14 size: 56 bs: 1.44251e-11
49 63 104 113 115 137 141 160 174 179 185 194 234 242 248 256 295 308 324 369 376 385 389 395 397 404 458 475 478 490 513 552 625 647 667 673 684 726 732 743 747 761 767 776 788 829 830 840 850 853 877 882 889 907 943 947 
#module 15 size: 69 bs: 7.79532e-12
967 1233 1234 1235 1236 1237 1238 1239 1240 1241 1242 1243 1244 1245 1246 1247 1248 1249 1250 1251 1252 1253 1254 1255 1256 1257 1258 1259 1260 1261 1262 1263 1264 1265 1266 1267 1268 1269 1270 1271 1272 1273 1274 1275 1276 1277 1278 1279 1280 1281 1282 1283 1284 1285 1286 1287 1288 1289 1290 1291 1292 1293 1294 1295 1296 1297 1298 1299 1300 
#module 16 size: 65 bs: 1.81692e-11
16 21 27 40 51 62 81 112 151 177 226 267 272 290 298 299 305 320 331 349 373 375 390 392 393 406 409 440 448 465 470 484 485 533 544 594 596 605 645 650 661 674 675 680 685 686 689 696 704 716 740 760 771 777 796 810 815 855 857 875 879 890 926 940 952 
#module 17 size: 53 bs: 1.87739e-12
23 24 26 39 45 46 52 59 88 103 116 164 169 178 187 190 193 206 210 213 255 264 271 306 329 368 377 421 423 443 452 474 506 541 550 573 608 617 618 619 656 688 741 799 808 812 835 866 872 900 930 931 933 
#module 0 size: 59 bs: 9.53815e-12
0 22 47 85 94 98 102 106 109 143 144 147 148 171 182 192 205 215 227 239 251 262 275 380 398 413 416 523 538 549 568 582 620 622 626 638 644 690 691 703 713 728 734 765 793 806 813 823 832 845 858 860 896 919 925 932 950 954 957 
#module 1 size: 57 bs: 9.24583e-12
1 2 36 38 119 127 201 216 221 257 260 273 284 285 317 318 319 321 327 337 341 355 438 439 453 463 473 483 504 542 555 566 567 613 651 659 665 677 681 687 707 710 717 724 737 739 762 778 780 816 847 861 871 892 906 951 958 
#module 2 size: 93 bs: 7.51399e-10
7 9 32 33 41 43 65 69 73 75 91 105 118 133 150 154 168 183 211 232 238 249 253 265 287 289 302 307 336 346 351 370 381 426 427 428 431 436 442 447 468 493 499 514 515 518 519 526 531 547 548 553 571 579 581 591 593 600 601 602 604 623 628 629 640 657 660 662 697 701 733 742 784 795 811 834 843 862 876 880 888 905 908 922 948 966 968 972 983 987 991 993 997 
#module 3 size: 69 bs: 3.39081e-11
3 15 31 35 50 67 70 76 89 96 155 156 181 203 235 250 263 279 281 286 292 333 360 384 391 401 412 434 446 469 476 480 489 501 540 545 564 577 580 588 607 609 624 663 676 700 720 757 763 770 773 775 783 801 802 803 809 818 825 839 852 881 899 902 928 934 945 956 962 
#module 4 size: 57 bs: 1.92424e-12
4 8 12 17 68 74 80 97 99 139 140 153 188 191 198 223 240 266 294 300 301 312 325 332 348 386 387 399 425 450 456 524 530 554 560 565 572 633 637 642 653 668 709 721 730 746 759 798 814 828 851 865 883 893 918 927 946 
#module 5 size: 84 bs: 1.66239e-08
5 19 53 54 66 72 120 121 123 125 136 180 214 217 218 222 230 233 236 246 269 276 282 283 304 313 322 326 328 334 345 362 382 396 420 451 454 466 487 496 500 507 511 516 521 528 535 539 556 561 562 603 612 669 671 718 719 745 750 786 790 807 817 819 820 869 870 884 887 891 911 929 936 937 942 949 955 960 963 964 979 984 988 989 
#module 6 size: 85 bs: 1.78191e-13
989 1149 1150 1151 1152 1153 1154 1155 1156 1157 1158 1159 1160 1161 1162 1163 1164 1165 1166 1167 1168 1169 1170 1171 1172 1173 1174 1175 1176 1177 1178 1179 1180 1181 1182 1183 1184 1185 1186 1187 1188 1189 1190 1191 1192 1193 1194 1195 1196 1197 1198 1199 1200 1201 1202 1203 1204 1205 1206 1207 1208 1209 1210 1211 1212 1213 1214 1215 1216 1217 1218 1219 1220 1221 1222 1223 1224 1225 1226 1227 1228 1229 1230 1231 1232 
#module 7 size: 73 bs: 5.86784e-11
6 34 42 77 114 122 124 159 163 196 202 212 219 224 229 244 247 296 339 342 363 367 371 400 408 414 432 437 445 460 488 502 509 510 520 527 536 557 578 586 587 592 616 630 635 636 641 646 658 670 672 692 694 708 712 735 748 779 781 782 792 794 797 837 846 863 885 898 917 953 969 974 976 
#module 8 size: 58 bs: 5.77316e-15
946 1000 1001 1002 1003 1004 1005 1006 1007 1008 1009 1010 1011 1012 1013 1014 1015 1016 1017 1018 1019 1020 1021 1022 1023 1024 1025 1026 1027 1028 1029 1030 1031 1032 1033 1034 1035 1036 1037 1038 1039 1040 1041 1042 1043 1044 1045 1046 1047 1048 1049 1050 1051 1052 1053 1054 1055 1056 
#module 9 size: 92 bs: 2.57847e-08
10 25 28 37 58 78 83 101 108 111 129 130 134 167 186 197 204 231 237 258 259 309 315 316 323 335 338 340 344 352 353 361 366 378 383 388 411 415 419 422 429 435 441 455 471 472 481 491 497 508 512 522 525 537 546 551 569 570 583 590 597 634 643 693 705 706 714 722 731 749 785 789 800 822 844 854 859 886 895 904 909 913 935 941 961 977 978 980 981 986 995 996 
#module 10 size: 102 bs: 1.37006e-09
18 20 30 56 61 64 84 86 87 92 95 107 117 126 135 142 145 149 158 170 173 175 184 200 209 228 243 245 252 268 270 277 278 280 291 297 330 350 357 358 364 374 379 403 407 410 418 424 430 449 457 479 492 503 505 534 563 574 576 598 610 614 615 621 627 631 639 648 652 655 664 666 682 698 702 711 725 738 751 752 764 805 827 831 833 864 894 901 910 914 921 939 970 971 975 982 985 990 992 994 998 999 
#module 11 size: 93 bs: 3.052e-13
995 1057 1058 1059 1060 1061 1062 1063 1064 1065 1066 1067 1068 1069 1070 1071 1072 1073 1074 1075 1076 1077 1078 1079 1080 1081 1082 1083 1084 1085 1086 1087 1088 1089 1090 1091 1092 1093 1094 1095 1096 1097 1098 1099 1100 1101 1102 1103 1104 1105 1106 1107 1108 1109 1110 1111 1112 1113 1114 1115 1116 1117 1118 1119 1120 1121 1122 1123 1124 1125 1126 1127 1128 1129 1130 1131 1132 1133 1134 1135 1136 1137 1138 1139 1140 1141 1142 1143 1144 1145 1146 1147 1148 
#module 12 size: 72 bs: 4.13876e-11
11 29 55 60 71 79 82 90 132 152 157 161 165 172 176 189 195 199 208 225 254 288 293 310 311 347 354 356 359 372 394 402 405 417 461 462 467 529 532 559 585 589 606 611 632 654 679 683 715 723 727 754 755 758 766 772 787 804 821 824 841 842 873 878 915 916 920 938 944 959 965 973 
#module 13 size: 68 bs: 3.36359e-09
13 14 44 48 57 93 100 110 128 131 138 146 162 166 207 220 241 261 274 303 314 343 365 433 444 459 464 477 482 486 494 495 498 517 543 558 575 584 595 599 649 678 695 699 729 736 744 753 756 768 769 774 791 826 836 838 848 849 856 867 868 874 897 903 912 923 924 967 
#module 14 size: 56 bs: 1.44251e-11
49 63 104 113 115 137 141 160 174 179 185 194 234 242 248 256 295 308 324 369 376 385 389 395 397 404 458 475 478 490 513 552 625 647 667 673 684 726 732 743 747 761 767 776 788 829 830 840 850 853 877 882 889 907 943 947 
#module 15 size: 69 bs: 7.79532e-12
967 1233 1234 1235 1236 1237 1238 1239 1240 1241 1242 1243 1244 1245 1246 1247 1248 1249 1250 1251 1252 1253 1254 1255 1256 1257 1258 1259 1260 1261 1262 1263 1264 1265 1266 1267 1268 1269 1270 1271 1272 1273 1274 1275 1276 1277 1278 1279 1280 1281 1282 1283 1284 1285 1286 1287 1288 1289 1290 1291 1292 1293 1294 1295 1296 1297 1298 1299 1300 
#module 16 size: 65 bs: 1.81692e-11
16 21 27 40 51 62 81 112 151 177 226 267 272 290 298 299 305 320 331 349 373 375 390 392 393 406 409 440 448 465 470 484 485 533 544 594 596 605 645 650 661 674 675 680 685 686 689 696 704 716 740 760 771 777 796 810 815 855 857 875 879 890 926 940 952 
#module 17 size: 53 bs: 1.87739e-12
23 24 26 39 45 46 52 59 88 103 116 164 169 178 187 190 193 206 210 213 255 264 271 306 329 368 377 421 423 443 452 474 506 541 550 573 608 617 618 619 656 688 741 799 808 812 835 866 872 900 930 931 933 
