#module 0 size: 114 bs: 7.59209e-101
4 8 12 17 68 74 80 97 99 139 140 153 188 191 198 223 240 266 294 300 301 312 325 332 348 386 387 399 425 450 456 524 530 554 560 565 572 633 637 642 653 668 709 721 730 746 759 798 814 828 851 865 883 893 918 927 946 1000 1001 1002 1003 1004 1005 1006 1007 1008 1009 1010 1011 1012 1013 1014 1015 1016 1017 1018 1019 1020 1021 1022 1023 1024 1025 1026 1027 1028 1029 1030 1031 1032 1033 1034 1035 1036 1037 1038 1039 1040 1041 1042 1043 1044 1045 1046 1047 1048 1049 1050 1051 1052 1053 1054 1055 1056 
#module 1 size: 168 bs: 1.06794e-101
5 19 53 54 66 72 120 121 123 125 136 180 214 217 218 222 230 233 236 246 269 276 282 283 304 313 322 326 328 334 345 362 382 396 420 451 454 466 487 496 500 507 511 516 521 528 535 539 556 561 562 603 612 669 671 718 719 745 750 786 790 807 817 819 820 869 870 884 887 891 911 929 936 937 942 949 955 960 963 964 979 984 988 989 1149 1150 1151 1152 1153 1154 1155 1156 1157 1158 1159 1160 1161 1162 1163 1164 1165 1166 1167 1168 1169 1170 1171 1172 1173 1174 1175 1176 1177 1178 1179 1180 1181 1182 1183 1184 1185 1186 1187 1188 1189 1190 1191 1192 1193 1194 1195 1196 1197 1198 1199 1200 1201 1202 1203 1204 1205 1206 1207 1208 1209 1210 1211 1212 1213 1214 1215 1216 1217 1218 1219 1220 1221 1222 1223 1224 1225 1226 1227 1228 1229 1230 1231 1232 
#module 2 size: 184 bs: 4.05985e-101
10 25 28 37 58 78 83 101 108 111 129 130 134 167 186 197 204 231 237 258 259 309 315 316 323 335 338 340 344 352 353 361 366 378 383 388 411 415 419 422 429 435 441 455 471 472 481 491 497 508 512 522 525 537 546 551 569 570 583 590 597 634 643 693 705 706 714 722 731 749 785 789 800 822 844 854 859 886 895 904 909 913 935 941 961 977 978 980 981 986 995 996 1057 1058 1059 1060 1061 1062 1063 1064 1065 1066 1067 1068 1069 1070 1071 1072 1073 1074 1075 1076 1077 1078 1079 1080 1081 1082 1083 1084 1085 1086 1087 1088 1089 1090 1091 1092 1093 1094 1095 1096 1097 1098 1099 1100 1101 1102 1103 1104 1105 1106 1107 1108 1109 1110 1111 1112 1113 1114 1115 1116 1117 1118 1119 1120 1121 1122 1123 1124 1125 1126 1127 1128 1129 1130 1131 1132 1133 1134 1135 1136 1137 1138 1139 1140 1141 1142 1143 1144 1145 1146 1147 1148 
#module 3 size: 699 bs: 0.000123568
0 1 2 3 6 7 9 11 15 16 18 20 21 22 23 24 26 27 29 30 31 32 33 34 35 36 38 39 40 41 42 43 45 46 47 49 50 51 52 55 56 59 60 61 62 63 64 65 67 69 70 71 73 75 76 77 79 81 82 84 85 86 87 88 89 90 91 92 94 95 96 98 102 103 104 105 106 107 109 112 113 114 115 116 117 118 119 122 124 126 127 132 133 135 137 141 142 143 144 145 147 148 149 150 151 152 154 155 156 157 158 159 160 161 163 164 165 168 169 170 171 172 173 174 175 176 177 178 179 181 182 183 184 185 187 189 190 192 193 194 195 196 199 200 201 202 203 205 206 208 209 210 211 212 213 215 216 219 221 224 225 226 227 228 229 232 234 235 238 239 242 243 244 245 247 248 249 250 251 252 253 254 255 256 257 260 262 263 264 265 267 268 270 271 272 273 275 277 278 279 280 281 284 285 286 287 288 289 290 291 292 293 295 296 297 298 299 302 305 306 307 308 310 311 317 318 319 320 321 324 327 329 330 331 333 336 337 339 341 342 346 347 349 350 351 354 355 356 357 358 359 360 363 364 367 368 369 370 371 372 373 374 375 376 377 379 380 381 384 385 389 390 391 392 393 394 395 397 398 400 401 402 403 404 405 406 407 408 409 410 412 413 414 416 417 418 421 423 424 426 427 428 430 431 432 434 436 437 438 439 440 442 443 445 446 447 448 449 452 453 457 458 460 461 462 463 465 467 468 469 470 473 474 475 476 478 479 480 483 484 485 488 489 490 492 493 499 501 502 503 504 505 506 509 510 513 514 515 518 519 520 523 526 527 529 531 532 533 534 536 538 540 541 542 544 545 547 548 549 550 552 553 555 557 559 563 564 566 567 568 571 573 574 576 577 578 579 580 581 582 585 586 587 588 589 591 592 593 594 596 598 600 601 602 604 605 606 607 608 609 610 611 613 614 615 616 617 618 619 620 621 622 623 624 625 626 627 628 629 630 631 632 635 636 638 639 640 641 644 645 646 647 648 650 651 652 654 655 656 657 658 659 660 661 662 663 664 665 666 667 670 672 673 674 675 676 677 679 680 681 682 683 684 685 686 687 688 689 690 691 692 694 696 697 698 700 701 702 703 704 707 708 710 711 712 713 715 716 717 720 723 724 725 726 727 728 732 733 734 735 737 738 739 740 741 742 743 747 748 751 752 754 755 757 758 760 761 762 763 764 765 766 767 770 771 772 773 775 776 777 778 779 780 781 782 783 784 787 788 792 793 794 795 796 797 799 801 802 803 804 805 806 808 809 810 811 812 813 815 816 818 821 823 824 825 827 829 830 831 832 833 834 835 837 839 840 841 842 843 845 846 847 850 852 853 855 857 858 860 861 862 863 864 866 871 872 873 875 876 877 878 879 880 881 882 885 888 889 890 892 894 896 898 899 900 901 902 905 906 907 908 910 914 915 916 917 919 920 921 922 925 926 928 930 931 932 933 934 938 939 940 943 944 945 947 948 950 951 952 953 954 956 957 958 959 962 965 966 968 969 970 971 972 973 974 975 976 982 983 985 987 990 991 992 993 994 997 998 999 
#module 4 size: 136 bs: 9.01257e-101
13 14 44 48 57 93 100 110 128 131 138 146 162 166 207 220 241 261 274 303 314 343 365 433 444 459 464 477 482 486 494 495 498 517 543 558 575 584 595 599 649 678 695 699 729 736 744 753 756 768 769 774 791 826 836 838 848 849 856 867 868 874 897 903 912 923 924 967 1233 1234 1235 1236 1237 1238 1239 1240 1241 1242 1243 1244 1245 1246 1247 1248 1249 1250 1251 1252 1253 1254 1255 1256 1257 1258 1259 1260 1261 1262 1263 1264 1265 1266 1267 1268 1269 1270 1271 1272 1273 1274 1275 1276 1277 1278 1279 1280 1281 1282 1283 1284 1285 1286 1287 1288 1289 1290 1291 1292 1293 1294 1295 1296 1297 1298 1299 1300 
