0	1	5
0	4	1
0	5	2
0	7	3
0	8	3
0	10	34
0	16	34
0	22	34
0	28	34
0	36	1
0	61	1
0	66	1
0	71	2
1	2	37
1	4	1
1	7	1
1	8	4
1	11	37
1	23	37
1	29	37
1	36	1
1	61	1
1	63	1
1	66	2
1	68	1
1	71	3
2	11	37
2	16	6
2	18	1
2	20	1
2	21	4
2	23	37
2	29	37
2	42	1
2	45	2
2	59	1
2	62	1
2	69	3
2	70	1
3	5	2
3	7	1
3	8	1
3	12	25
3	17	25
3	24	25
3	30	25
3	36	1
3	61	1
3	63	2
3	64	1
3	68	2
4	5	4
4	7	1
4	13	29
4	18	29
4	25	29
4	31	29
4	63	2
4	65	1
4	66	1
4	71	2
5	6	40
5	8	3
5	19	40
5	26	40
5	32	40
5	36	1
5	61	3
5	65	2
5	71	4
6	10	2
6	12	2
6	13	4
6	15	3
6	19	40
6	26	40
6	32	40
6	37	3
6	39	1
6	40	2
6	58	2
6	72	5
7	8	1
7	14	24
7	20	24
7	27	24
7	33	24
7	36	1
7	61	1
7	63	1
7	71	1
8	9	32
8	15	32
8	21	32
8	34	32
8	36	1
8	61	1
8	64	2
8	65	1
8	68	1
9	15	32
9	21	32
9	22	3
9	23	4
9	24	1
9	26	3
9	27	1
9	34	32
9	46	1
9	47	1
9	49	3
9	50	1
9	60	1
10	11	6
10	12	1
10	13	1
10	14	3
10	15	3
10	16	34
10	22	34
10	28	34
10	37	1
10	39	1
10	41	1
10	58	1
10	72	3
11	13	1
11	14	1
11	15	4
11	23	37
11	29	37
11	35	1
11	37	1
11	38	1
11	41	2
11	58	1
11	72	3
12	14	1
12	15	1
12	17	25
12	24	25
12	30	25
12	35	2
12	37	1
12	38	2
12	39	1
12	40	1
12	41	1
12	58	1
13	14	1
13	18	29
13	25	29
13	31	29
13	38	2
13	40	1
13	41	1
13	72	2
14	15	1
14	20	24
14	27	24
14	33	24
14	37	1
14	38	1
14	58	1
14	72	1
15	21	32
15	34	32
15	35	1
15	37	1
15	39	3
15	40	1
15	58	1
16	17	1
16	18	1
16	19	2
16	20	3
16	21	3
16	22	34
16	28	34
16	43	1
16	45	1
16	59	1
16	62	1
16	69	3
17	19	2
17	20	1
17	21	1
17	24	25
17	30	25
17	42	2
17	43	1
17	44	1
17	45	1
17	59	1
17	62	1
17	70	2
18	19	4
18	20	1
18	25	29
18	31	29
18	42	2
18	44	1
18	45	1
18	69	2
19	21	3
19	26	40
19	32	40
19	43	1
19	44	2
19	59	2
19	62	3
19	69	5
20	21	1
20	27	24
20	33	24
20	42	1
20	59	1
20	62	1
20	69	1
21	34	32
21	43	3
21	44	1
21	59	1
21	62	1
21	70	1
22	23	6
22	24	1
22	25	1
22	26	2
22	27	3
22	28	34
22	47	1
22	49	1
22	51	1
22	60	1
22	74	3
23	25	1
23	27	1
23	29	37
23	46	1
23	47	1
23	48	1
23	51	2
23	60	1
23	74	3
24	26	2
24	27	1
24	30	25
24	46	2
24	47	1
24	48	2
24	49	1
24	50	1
24	51	1
24	60	1
25	26	4
25	27	1
25	31	29
25	48	2
25	50	1
25	51	1
25	74	2
26	32	40
26	47	3
26	49	1
26	50	2
26	60	2
26	74	5
27	33	24
27	47	1
27	48	1
27	60	1
27	74	1
28	29	6
28	30	1
28	31	1
28	32	2
28	33	3
28	34	3
28	53	1
28	55	1
28	57	1
28	67	1
28	73	3
29	31	1
29	33	1
29	34	4
29	52	1
29	53	1
29	54	1
29	57	2
29	67	1
29	73	3
30	32	2
30	33	1
30	34	1
30	52	2
30	53	1
30	54	2
30	55	1
30	56	1
30	57	1
30	67	1
31	32	4
31	33	1
31	54	2
31	56	1
31	57	1
31	73	2
32	34	3
32	53	3
32	55	1
32	56	2
32	67	2
32	73	5
33	34	1
33	53	1
33	54	1
33	67	1
33	73	1
34	52	1
34	53	1
34	55	3
34	56	1
34	67	1
35	37	1
35	69	3
35	71	3
35	72	288
35	73	3
35	74	3
36	58	20
36	59	20
36	60	20
36	66	1
36	67	20
36	71	2
37	38	1
37	47	20
37	53	20
37	61	20
37	62	20
37	72	1
38	42	20
38	48	20
38	54	20
38	63	20
38	72	2
39	43	25
39	49	25
39	55	25
39	64	25
39	72	1
40	44	18
40	50	18
40	56	18
40	65	18
41	45	22
41	51	22
41	57	22
41	58	1
41	66	22
41	72	2
42	48	20
42	54	20
42	62	1
42	63	20
42	69	1
42	70	1
43	49	25
43	55	25
43	64	25
43	69	1
44	50	18
44	56	18
44	65	18
45	51	22
45	57	22
45	59	1
45	66	22
45	69	2
46	47	1
46	69	3
46	71	3
46	72	3
46	73	3
46	74	288
47	48	1
47	53	20
47	61	20
47	62	20
47	74	1
48	54	20
48	63	20
48	74	2
49	55	25
49	64	25
49	74	1
50	56	18
50	65	18
51	57	22
51	60	1
51	66	22
51	74	2
52	53	1
52	69	3
52	71	3
52	72	3
52	73	288
52	74	3
53	54	1
53	61	20
53	62	20
53	73	1
54	63	20
54	73	2
55	64	25
55	73	1
56	65	18
57	66	22
57	67	1
57	73	2
58	59	20
58	60	20
58	67	20
58	72	2
59	60	20
59	67	20
59	69	2
60	67	20
60	74	2
61	62	20
61	63	1
61	71	2
62	69	1
62	70	1
63	71	2
64	71	1
66	71	2
67	73	2
68	69	3
68	71	257
68	72	3
68	73	3
68	74	3
69	70	313
69	71	29
69	72	29
69	73	29
69	74	29
70	71	4
70	72	4
70	73	4
70	74	4
71	72	30
71	73	30
71	74	30
72	73	30
72	74	30
73	74	30
