#module 0 size: 88 bs: 1.12743e-09
0 3 26 52 53 54 56 71 74 78 87 92 106 109 119 213 226 235 256 277 278 281 292 295 299 300 322 327 403 413 416 427 429 430 432 436 444 452 454 466 481 482 483 484 490 496 498 512 567 568 576 585 596 607 616 618 619 621 641 651 676 693 701 711 728 744 745 757 809 812 834 844 869 896 925 931 947 950 956 961 962 967 970 971 980 981 985 986 
#module 1 size: 95 bs: 1.73356e-09
1 24 30 55 63 66 67 75 77 96 108 117 129 144 162 169 184 191 203 210 214 218 220 223 234 253 255 280 282 296 313 316 346 363 368 384 389 401 404 415 435 440 443 450 508 514 517 542 579 584 595 611 629 634 642 658 670 677 746 748 759 763 785 788 789 795 797 808 823 825 830 841 854 856 858 864 867 870 875 903 909 935 936 945 948 952 955 964 965 976 979 988 990 991 995 
#module 2 size: 96 bs: 8.11284e-12
995 2001 2024 2030 2055 2063 2066 2067 2075 2077 2096 2108 2117 2129 2144 2162 2169 2184 2191 2203 2210 2214 2218 2220 2223 2234 2253 2255 2280 2282 2296 2313 2316 2346 2363 2368 2384 2389 2401 2404 2415 2435 2440 2443 2450 2508 2514 2517 2542 2579 2584 2595 2611 2629 2634 2642 2658 2670 2677 2746 2748 2759 2763 2785 2788 2789 2795 2797 2808 2823 2825 2830 2841 2854 2856 2858 2864 2867 2870 2875 2903 2909 2935 2936 2945 2948 2952 2955 2964 2965 2976 2979 2988 2990 2991 2995 
#module 3 size: 65 bs: 5.20362e-13
2 9 44 70 81 90 110 112 113 125 130 151 157 159 176 215 230 237 239 241 242 259 276 291 294 310 329 335 349 350 424 425 449 523 548 561 646 654 662 669 683 691 697 718 722 723 760 768 772 777 780 803 804 814 826 828 833 842 853 877 891 897 912 920 954 
#module 4 size: 73 bs: 1.24578e-12
16 60 65 84 97 138 172 197 200 212 238 248 264 283 290 306 319 320 330 344 348 356 369 378 395 412 442 453 462 467 488 491 494 499 501 502 511 527 545 547 565 566 570 582 604 614 648 660 664 667 678 724 726 731 735 741 751 758 766 787 793 810 816 882 890 902 910 917 929 937 941 942 968 
#module 5 size: 102 bs: 1.32849e-11
5 14 17 23 29 33 35 42 47 59 88 89 91 99 133 140 147 150 153 154 156 175 188 189 190 201 202 217 219 250 251 258 265 307 312 341 345 361 372 375 383 396 397 398 399 400 422 431 433 445 469 506 519 525 536 540 546 553 590 591 593 602 625 631 649 656 661 668 674 684 690 696 700 706 714 715 725 739 750 752 755 775 794 806 807 852 862 863 900 915 916 922 939 946 957 960 982 992 996 997 998 999 
#module 6 size: 103 bs: 1.36935e-11
998 1005 1014 1017 1023 1029 1033 1035 1042 1047 1059 1088 1089 1091 1099 1133 1140 1147 1150 1153 1154 1156 1175 1188 1189 1190 1201 1202 1217 1219 1250 1251 1258 1265 1307 1312 1341 1345 1361 1372 1375 1383 1396 1397 1398 1399 1400 1422 1431 1433 1445 1469 1506 1519 1525 1536 1540 1546 1553 1590 1591 1593 1602 1625 1631 1649 1656 1661 1668 1674 1684 1690 1696 1700 1706 1714 1715 1725 1739 1750 1752 1755 1775 1794 1806 1807 1852 1862 1863 1900 1915 1916 1922 1939 1946 1957 1960 1982 1992 1996 1997 1998 1999 
#module 7 size: 61 bs: 3.06518e-101
13 21 34 48 68 80 95 104 123 171 173 178 183 192 198 209 270 285 297 309 339 357 373 374 468 472 480 526 533 549 551 554 555 557 609 626 636 640 653 680 686 689 692 694 733 736 740 762 771 773 798 799 800 819 821 832 840 845 855 930 951 
#module 8 size: 81 bs: 5.33613e-103
38 43 45 58 111 127 161 166 180 181 194 225 229 244 266 275 284 303 323 336 338 343 351 366 381 388 391 448 464 470 474 475 478 493 513 518 521 538 541 543 552 558 574 587 588 612 627 633 635 638 639 652 707 710 719 720 756 778 786 817 822 838 866 873 884 888 894 895 901 906 921 924 943 944 949 966 969 974 975 977 978 
#module 9 size: 82 bs: 2.71315e-101
975 3038 3043 3045 3058 3111 3127 3161 3166 3180 3181 3194 3225 3229 3244 3266 3275 3284 3303 3323 3336 3338 3343 3351 3366 3381 3388 3391 3448 3464 3470 3474 3475 3478 3493 3513 3518 3521 3538 3541 3543 3552 3558 3574 3587 3588 3612 3627 3633 3635 3638 3639 3652 3707 3710 3719 3720 3756 3778 3786 3817 3822 3838 3866 3873 3884 3888 3894 3895 3901 3906 3921 3924 3943 3944 3949 3966 3969 3974 3975 3977 3978 
#module 10 size: 89 bs: 9.70589e-102
985 1000 1003 1026 1052 1053 1054 1056 1071 1074 1078 1087 1092 1106 1109 1119 1213 1226 1235 1256 1277 1278 1281 1292 1295 1299 1300 1322 1327 1403 1413 1416 1427 1429 1430 1432 1436 1444 1452 1454 1466 1481 1482 1483 1484 1490 1496 1498 1512 1567 1568 1576 1585 1596 1607 1616 1618 1619 1621 1641 1651 1676 1693 1701 1711 1728 1744 1745 1757 1809 1812 1834 1844 1869 1896 1925 1931 1947 1950 1956 1961 1962 1967 1970 1971 1980 1981 1985 1986 
#module 11 size: 96 bs: 1.18581e-10
995 1001 1024 1030 1055 1063 1066 1067 1075 1077 1096 1108 1117 1129 1144 1162 1169 1184 1191 1203 1210 1214 1218 1220 1223 1234 1253 1255 1280 1282 1296 1313 1316 1346 1363 1368 1384 1389 1401 1404 1415 1435 1440 1443 1450 1508 1514 1517 1542 1579 1584 1595 1611 1629 1634 1642 1658 1670 1677 1746 1748 1759 1763 1785 1788 1789 1795 1797 1808 1823 1825 1830 1841 1854 1856 1858 1864 1867 1870 1875 1903 1909 1935 1936 1945 1948 1952 1955 1964 1965 1976 1979 1988 1990 1991 1995 
#module 12 size: 66 bs: 8.40336e-101
954 1002 1009 1044 1070 1081 1090 1110 1112 1113 1125 1130 1151 1157 1159 1176 1215 1230 1237 1239 1241 1242 1259 1276 1291 1294 1310 1329 1335 1349 1350 1424 1425 1449 1523 1548 1561 1646 1654 1662 1669 1683 1691 1697 1718 1722 1723 1760 1768 1772 1777 1780 1803 1804 1814 1826 1828 1833 1842 1853 1877 1891 1897 1912 1920 1954 
#module 13 size: 74 bs: 1.36144e-101
968 1016 1060 1065 1084 1097 1138 1172 1197 1200 1212 1238 1248 1264 1283 1290 1306 1319 1320 1330 1344 1348 1356 1369 1378 1395 1412 1442 1453 1462 1467 1488 1491 1494 1499 1501 1502 1511 1527 1545 1547 1565 1566 1570 1582 1604 1614 1648 1660 1664 1667 1678 1724 1726 1731 1735 1741 1751 1758 1766 1787 1793 1810 1816 1882 1890 1902 1910 1917 1929 1937 1941 1942 1968 
#module 14 size: 62 bs: 8.11284e-12
951 1013 1021 1034 1048 1068 1080 1095 1104 1123 1171 1173 1178 1183 1192 1198 1209 1270 1285 1297 1309 1339 1357 1373 1374 1468 1472 1480 1526 1533 1549 1551 1554 1555 1557 1609 1626 1636 1640 1653 1680 1686 1689 1692 1694 1733 1736 1740 1762 1771 1773 1798 1799 1800 1819 1821 1832 1840 1845 1855 1930 1951 
#module 15 size: 82 bs: 3.84179e-101
975 1038 1043 1045 1058 1111 1127 1161 1166 1180 1181 1194 1225 1229 1244 1266 1275 1284 1303 1323 1336 1338 1343 1351 1366 1381 1388 1391 1448 1464 1470 1474 1475 1478 1493 1513 1518 1521 1538 1541 1543 1552 1558 1574 1587 1588 1612 1627 1633 1635 1638 1639 1652 1707 1710 1719 1720 1756 1778 1786 1817 1822 1838 1866 1873 1884 1888 1894 1895 1901 1906 1921 1924 1943 1944 1949 1966 1969 1974 1975 1977 1978 
#module 16 size: 89 bs: 5.4769e-101
985 2000 2003 2026 2052 2053 2054 2056 2071 2074 2078 2087 2092 2106 2109 2119 2213 2226 2235 2256 2277 2278 2281 2292 2295 2299 2300 2322 2327 2403 2413 2416 2427 2429 2430 2432 2436 2444 2452 2454 2466 2481 2482 2483 2484 2490 2496 2498 2512 2567 2568 2576 2585 2596 2607 2616 2618 2619 2621 2641 2651 2676 2693 2701 2711 2728 2744 2745 2757 2809 2812 2834 2844 2869 2896 2925 2931 2947 2950 2956 2961 2962 2967 2970 2971 2980 2981 2985 2986 
#module 17 size: 66 bs: 1.61738e-102
954 2002 2009 2044 2070 2081 2090 2110 2112 2113 2125 2130 2151 2157 2159 2176 2215 2230 2237 2239 2241 2242 2259 2276 2291 2294 2310 2329 2335 2349 2350 2424 2425 2449 2523 2548 2561 2646 2654 2662 2669 2683 2691 2697 2718 2722 2723 2760 2768 2772 2777 2780 2803 2804 2814 2826 2828 2833 2842 2853 2877 2891 2897 2912 2920 2954 
#module 18 size: 74 bs: 9.29969e-101
968 2016 2060 2065 2084 2097 2138 2172 2197 2200 2212 2238 2248 2264 2283 2290 2306 2319 2320 2330 2344 2348 2356 2369 2378 2395 2412 2442 2453 2462 2467 2488 2491 2494 2499 2501 2502 2511 2527 2545 2547 2565 2566 2570 2582 2604 2614 2648 2660 2664 2667 2678 2724 2726 2731 2735 2741 2751 2758 2766 2787 2793 2810 2816 2882 2890 2902 2910 2917 2929 2937 2941 2942 2968 
#module 19 size: 103 bs: 4.93707e-102
998 2005 2014 2017 2023 2029 2033 2035 2042 2047 2059 2088 2089 2091 2099 2133 2140 2147 2150 2153 2154 2156 2175 2188 2189 2190 2201 2202 2217 2219 2250 2251 2258 2265 2307 2312 2341 2345 2361 2372 2375 2383 2396 2397 2398 2399 2400 2422 2431 2433 2445 2469 2506 2519 2525 2536 2540 2546 2553 2590 2591 2593 2602 2625 2631 2649 2656 2661 2668 2674 2684 2690 2696 2700 2706 2714 2715 2725 2739 2750 2752 2755 2775 2794 2806 2807 2852 2862 2863 2900 2915 2916 2922 2939 2946 2957 2960 2982 2992 2996 2997 2998 2999 
#module 20 size: 62 bs: 4.91396e-12
951 2013 2021 2034 2048 2068 2080 2095 2104 2123 2171 2173 2178 2183 2192 2198 2209 2270 2285 2297 2309 2339 2357 2373 2374 2468 2472 2480 2526 2533 2549 2551 2554 2555 2557 2609 2626 2636 2640 2653 2680 2686 2689 2692 2694 2733 2736 2740 2762 2771 2773 2798 2799 2800 2819 2821 2832 2840 2845 2855 2930 2951 
#module 21 size: 82 bs: 8.33311e-12
975 2038 2043 2045 2058 2111 2127 2161 2166 2180 2181 2194 2225 2229 2244 2266 2275 2284 2303 2323 2336 2338 2343 2351 2366 2381 2388 2391 2448 2464 2470 2474 2475 2478 2493 2513 2518 2521 2538 2541 2543 2552 2558 2574 2587 2588 2612 2627 2633 2635 2638 2639 2652 2707 2710 2719 2720 2756 2778 2786 2817 2822 2838 2866 2873 2884 2888 2894 2895 2901 2906 2921 2924 2943 2944 2949 2966 2969 2974 2975 2977 2978 
#module 22 size: 89 bs: 1.74583e-12
985 3000 3003 3026 3052 3053 3054 3056 3071 3074 3078 3087 3092 3106 3109 3119 3213 3226 3235 3256 3277 3278 3281 3292 3295 3299 3300 3322 3327 3403 3413 3416 3427 3429 3430 3432 3436 3444 3452 3454 3466 3481 3482 3483 3484 3490 3496 3498 3512 3567 3568 3576 3585 3596 3607 3616 3618 3619 3621 3641 3651 3676 3693 3701 3711 3728 3744 3745 3757 3809 3812 3834 3844 3869 3896 3925 3931 3947 3950 3956 3961 3962 3967 3970 3971 3980 3981 3985 3986 
#module 23 size: 96 bs: 4.78804e-101
995 3001 3024 3030 3055 3063 3066 3067 3075 3077 3096 3108 3117 3129 3144 3162 3169 3184 3191 3203 3210 3214 3218 3220 3223 3234 3253 3255 3280 3282 3296 3313 3316 3346 3363 3368 3384 3389 3401 3404 3415 3435 3440 3443 3450 3508 3514 3517 3542 3579 3584 3595 3611 3629 3634 3642 3658 3670 3677 3746 3748 3759 3763 3785 3788 3789 3795 3797 3808 3823 3825 3830 3841 3854 3856 3858 3864 3867 3870 3875 3903 3909 3935 3936 3945 3948 3952 3955 3964 3965 3976 3979 3988 3990 3991 3995 
#module 24 size: 66 bs: 5.43771e-101
954 3002 3009 3044 3070 3081 3090 3110 3112 3113 3125 3130 3151 3157 3159 3176 3215 3230 3237 3239 3241 3242 3259 3276 3291 3294 3310 3329 3335 3349 3350 3424 3425 3449 3523 3548 3561 3646 3654 3662 3669 3683 3691 3697 3718 3722 3723 3760 3768 3772 3777 3780 3803 3804 3814 3826 3828 3833 3842 3853 3877 3891 3897 3912 3920 3954 
#module 25 size: 74 bs: 9.05456e-101
968 3016 3060 3065 3084 3097 3138 3172 3197 3200 3212 3238 3248 3264 3283 3290 3306 3319 3320 3330 3344 3348 3356 3369 3378 3395 3412 3442 3453 3462 3467 3488 3491 3494 3499 3501 3502 3511 3527 3545 3547 3565 3566 3570 3582 3604 3614 3648 3660 3664 3667 3678 3724 3726 3731 3735 3741 3751 3758 3766 3787 3793 3810 3816 3882 3890 3902 3910 3917 3929 3937 3941 3942 3968 
#module 26 size: 103 bs: 3.3283e-101
998 3005 3014 3017 3023 3029 3033 3035 3042 3047 3059 3088 3089 3091 3099 3133 3140 3147 3150 3153 3154 3156 3175 3188 3189 3190 3201 3202 3217 3219 3250 3251 3258 3265 3307 3312 3341 3345 3361 3372 3375 3383 3396 3397 3398 3399 3400 3422 3431 3433 3445 3469 3506 3519 3525 3536 3540 3546 3553 3590 3591 3593 3602 3625 3631 3649 3656 3661 3668 3674 3684 3690 3696 3700 3706 3714 3715 3725 3739 3750 3752 3755 3775 3794 3806 3807 3852 3862 3863 3900 3915 3916 3922 3939 3946 3957 3960 3982 3992 3996 3997 3998 3999 
#module 27 size: 62 bs: 8.11284e-12
951 3013 3021 3034 3048 3068 3080 3095 3104 3123 3171 3173 3178 3183 3192 3198 3209 3270 3285 3297 3309 3339 3357 3373 3374 3468 3472 3480 3526 3533 3549 3551 3554 3555 3557 3609 3626 3636 3640 3653 3680 3686 3689 3692 3694 3733 3736 3740 3762 3771 3773 3798 3799 3800 3819 3821 3832 3840 3845 3855 3930 3951 
#module 28 size: 89 bs: 8.33311e-12
985 4000 4003 4026 4052 4053 4054 4056 4071 4074 4078 4087 4092 4106 4109 4119 4213 4226 4235 4256 4277 4278 4281 4292 4295 4299 4300 4322 4327 4403 4413 4416 4427 4429 4430 4432 4436 4444 4452 4454 4466 4481 4482 4483 4484 4490 4496 4498 4512 4567 4568 4576 4585 4596 4607 4616 4618 4619 4621 4641 4651 4676 4693 4701 4711 4728 4744 4745 4757 4809 4812 4834 4844 4869 4896 4925 4931 4947 4950 4956 4961 4962 4967 4970 4971 4980 4981 4985 4986 
#module 29 size: 96 bs: 1.36935e-11
995 4001 4024 4030 4055 4063 4066 4067 4075 4077 4096 4108 4117 4129 4144 4162 4169 4184 4191 4203 4210 4214 4218 4220 4223 4234 4253 4255 4280 4282 4296 4313 4316 4346 4363 4368 4384 4389 4401 4404 4415 4435 4440 4443 4450 4508 4514 4517 4542 4579 4584 4595 4611 4629 4634 4642 4658 4670 4677 4746 4748 4759 4763 4785 4788 4789 4795 4797 4808 4823 4825 4830 4841 4854 4856 4858 4864 4867 4870 4875 4903 4909 4935 4936 4945 4948 4952 4955 4964 4965 4976 4979 4988 4990 4991 4995 
#module 30 size: 66 bs: 4.40542e-101
954 4002 4009 4044 4070 4081 4090 4110 4112 4113 4125 4130 4151 4157 4159 4176 4215 4230 4237 4239 4241 4242 4259 4276 4291 4294 4310 4329 4335 4349 4350 4424 4425 4449 4523 4548 4561 4646 4654 4662 4669 4683 4691 4697 4718 4722 4723 4760 4768 4772 4777 4780 4803 4804 4814 4826 4828 4833 4842 4853 4877 4891 4897 4912 4920 4954 
#module 31 size: 74 bs: 7.40648e-101
968 4016 4060 4065 4084 4097 4138 4172 4197 4200 4212 4238 4248 4264 4283 4290 4306 4319 4320 4330 4344 4348 4356 4369 4378 4395 4412 4442 4453 4462 4467 4488 4491 4494 4499 4501 4502 4511 4527 4545 4547 4565 4566 4570 4582 4604 4614 4648 4660 4664 4667 4678 4724 4726 4731 4735 4741 4751 4758 4766 4787 4793 4810 4816 4882 4890 4902 4910 4917 4929 4937 4941 4942 4968 
#module 32 size: 103 bs: 3.357e-101
998 4005 4014 4017 4023 4029 4033 4035 4042 4047 4059 4088 4089 4091 4099 4133 4140 4147 4150 4153 4154 4156 4175 4188 4189 4190 4201 4202 4217 4219 4250 4251 4258 4265 4307 4312 4341 4345 4361 4372 4375 4383 4396 4397 4398 4399 4400 4422 4431 4433 4445 4469 4506 4519 4525 4536 4540 4546 4553 4590 4591 4593 4602 4625 4631 4649 4656 4661 4668 4674 4684 4690 4696 4700 4706 4714 4715 4725 4739 4750 4752 4755 4775 4794 4806 4807 4852 4862 4863 4900 4915 4916 4922 4939 4946 4957 4960 4982 4992 4996 4997 4998 4999 
#module 33 size: 62 bs: 4.91396e-12
951 4013 4021 4034 4048 4068 4080 4095 4104 4123 4171 4173 4178 4183 4192 4198 4209 4270 4285 4297 4309 4339 4357 4373 4374 4468 4472 4480 4526 4533 4549 4551 4554 4555 4557 4609 4626 4636 4640 4653 4680 4686 4689 4692 4694 4733 4736 4740 4762 4771 4773 4798 4799 4800 4819 4821 4832 4840 4845 4855 4930 4951 
#module 34 size: 82 bs: 4.44089e-16
975 4038 4043 4045 4058 4111 4127 4161 4166 4180 4181 4194 4225 4229 4244 4266 4275 4284 4303 4323 4336 4338 4343 4351 4366 4381 4388 4391 4448 4464 4470 4474 4475 4478 4493 4513 4518 4521 4538 4541 4543 4552 4558 4574 4587 4588 4612 4627 4633 4635 4638 4639 4652 4707 4710 4719 4720 4756 4778 4786 4817 4822 4838 4866 4873 4884 4888 4894 4895 4901 4906 4921 4924 4943 4944 4949 4966 4969 4974 4975 4977 4978 
#module 35 size: 16 bs: 0.00719242
1764 1774 1781 1791 1836 1846 1850 1865 1872 1885 1886 1887 1892 1899 1907 1919 
#module 36 size: 57 bs: 0.0150904
11 22 27 40 41 49 61 64 83 121 206 273 287 293 333 364 367 370 387 392 402 405 437 456 473 487 495 497 516 529 586 600 603 606 608 617 620 623 632 666 681 712 716 727 732 743 749 770 782 813 835 849 859 868 874 898 934 
#module 37 size: 56 bs: 0.000267341
926 1006 1012 1020 1039 1082 1105 1114 1116 1120 1168 1182 1204 1221 1233 1246 1274 1308 1311 1318 1332 1342 1365 1417 1459 1463 1471 1515 1528 1563 1571 1581 1583 1589 1644 1647 1675 1682 1703 1709 1730 1734 1738 1754 1776 1784 1802 1815 1848 1851 1860 1871 1904 1914 1923 1926 
#module 38 size: 56 bs: 0.000119713
928 1007 1057 1073 1100 1135 1142 1143 1149 1174 1177 1186 1232 1236 1240 1245 1252 1257 1260 1263 1272 1279 1288 1298 1326 1328 1353 1358 1386 1407 1420 1446 1457 1458 1477 1492 1500 1504 1534 1556 1597 1663 1672 1679 1729 1801 1818 1831 1837 1847 1857 1878 1905 1911 1913 1928 
#module 39 size: 65 bs: 3.66374e-15
953 1008 1018 1025 1028 1046 1051 1085 1103 1115 1122 1126 1132 1137 1139 1145 1160 1164 1167 1170 1187 1205 1231 1289 1317 1359 1371 1376 1379 1394 1418 1419 1421 1451 1455 1479 1485 1489 1510 1522 1535 1537 1550 1562 1564 1575 1577 1578 1580 1628 1637 1655 1687 1698 1705 1742 1753 1827 1861 1883 1893 1908 1927 1933 1953 
#module 40 size: 55 bs: 2.85478e-09
918 1015 1037 1062 1072 1128 1136 1141 1148 1163 1165 1179 1211 1249 1261 1267 1286 1301 1305 1315 1321 1340 1354 1355 1360 1380 1414 1428 1434 1476 1507 1509 1531 1532 1559 1569 1594 1598 1613 1624 1657 1695 1713 1767 1790 1796 1811 1820 1824 1839 1879 1880 1881 1889 1918 
#module 41 size: 59 bs: 2.85478e-09
940 1019 1032 1069 1093 1094 1098 1101 1118 1124 1146 1152 1185 1193 1195 1199 1208 1228 1243 1247 1262 1304 1325 1337 1362 1406 1411 1426 1460 1461 1520 1524 1530 1560 1572 1573 1605 1610 1615 1650 1665 1673 1704 1717 1737 1747 1761 1765 1769 1779 1783 1792 1805 1829 1843 1876 1932 1938 1940 
#module 42 size: 56 bs: 1.34337e-14
928 2007 2057 2073 2100 2135 2142 2143 2149 2174 2177 2186 2232 2236 2240 2245 2252 2257 2260 2263 2272 2279 2288 2298 2326 2328 2353 2358 2386 2407 2420 2446 2457 2458 2477 2492 2500 2504 2534 2556 2597 2663 2672 2679 2729 2801 2818 2831 2837 2847 2857 2878 2905 2911 2913 2928 
#module 43 size: 65 bs: 0.00118534
953 2008 2018 2025 2028 2046 2051 2085 2103 2115 2122 2126 2132 2137 2139 2145 2160 2164 2167 2170 2187 2205 2231 2289 2317 2359 2371 2376 2379 2394 2418 2419 2421 2451 2455 2479 2485 2489 2510 2522 2535 2537 2550 2562 2564 2575 2577 2578 2580 2628 2637 2655 2687 2698 2705 2742 2753 2827 2861 2883 2893 2908 2927 2933 2953 
#module 44 size: 55 bs: 0.00118534
918 2015 2037 2062 2072 2128 2136 2141 2148 2163 2165 2179 2211 2249 2261 2267 2286 2301 2305 2315 2321 2340 2354 2355 2360 2380 2414 2428 2434 2476 2507 2509 2531 2532 2559 2569 2594 2598 2613 2624 2657 2695 2713 2767 2790 2796 2811 2820 2824 2839 2879 2880 2881 2889 2918 
#module 45 size: 59 bs: 0.00118534
940 2019 2032 2069 2093 2094 2098 2101 2118 2124 2146 2152 2185 2193 2195 2199 2208 2228 2243 2247 2262 2304 2325 2337 2362 2406 2411 2426 2460 2461 2520 2524 2530 2560 2572 2573 2605 2610 2615 2650 2665 2673 2704 2717 2737 2747 2761 2765 2769 2779 2783 2792 2805 2829 2843 2876 2932 2938 2940 
#module 46 size: 16 bs: 1.10689e-13
3764 3774 3781 3791 3836 3846 3850 3865 3872 3885 3886 3887 3892 3899 3907 3919 
#module 47 size: 56 bs: 4.07303e-06
926 3006 3012 3020 3039 3082 3105 3114 3116 3120 3168 3182 3204 3221 3233 3246 3274 3308 3311 3318 3332 3342 3365 3417 3459 3463 3471 3515 3528 3563 3571 3581 3583 3589 3644 3647 3675 3682 3703 3709 3730 3734 3738 3754 3776 3784 3802 3815 3848 3851 3860 3871 3904 3914 3923 3926 
#module 48 size: 56 bs: 4.07303e-06
928 3007 3057 3073 3100 3135 3142 3143 3149 3174 3177 3186 3232 3236 3240 3245 3252 3257 3260 3263 3272 3279 3288 3298 3326 3328 3353 3358 3386 3407 3420 3446 3457 3458 3477 3492 3500 3504 3534 3556 3597 3663 3672 3679 3729 3801 3818 3831 3837 3847 3857 3878 3905 3911 3913 3928 
#module 49 size: 65 bs: 4.07303e-06
953 3008 3018 3025 3028 3046 3051 3085 3103 3115 3122 3126 3132 3137 3139 3145 3160 3164 3167 3170 3187 3205 3231 3289 3317 3359 3371 3376 3379 3394 3418 3419 3421 3451 3455 3479 3485 3489 3510 3522 3535 3537 3550 3562 3564 3575 3577 3578 3580 3628 3637 3655 3687 3698 3705 3742 3753 3827 3861 3883 3893 3908 3927 3933 3953 
#module 50 size: 55 bs: 0.000776827
918 3015 3037 3062 3072 3128 3136 3141 3148 3163 3165 3179 3211 3249 3261 3267 3286 3301 3305 3315 3321 3340 3354 3355 3360 3380 3414 3428 3434 3476 3507 3509 3531 3532 3559 3569 3594 3598 3613 3624 3657 3695 3713 3767 3790 3796 3811 3820 3824 3839 3879 3880 3881 3889 3918 
#module 51 size: 59 bs: 1.22125e-15
940 3019 3032 3069 3093 3094 3098 3101 3118 3124 3146 3152 3185 3193 3195 3199 3208 3228 3243 3247 3262 3304 3325 3337 3362 3406 3411 3426 3460 3461 3520 3524 3530 3560 3572 3573 3605 3610 3615 3650 3665 3673 3704 3717 3737 3747 3761 3765 3769 3779 3783 3792 3805 3829 3843 3876 3932 3938 3940 
#module 52 size: 16 bs: 6.35617e-06
4764 4774 4781 4791 4836 4846 4850 4865 4872 4885 4886 4887 4892 4899 4907 4919 
#module 53 size: 56 bs: 6.35618e-06
926 4006 4012 4020 4039 4082 4105 4114 4116 4120 4168 4182 4204 4221 4233 4246 4274 4308 4311 4318 4332 4342 4365 4417 4459 4463 4471 4515 4528 4563 4571 4581 4583 4589 4644 4647 4675 4682 4703 4709 4730 4734 4738 4754 4776 4784 4802 4815 4848 4851 4860 4871 4904 4914 4923 4926 
#module 54 size: 56 bs: 0.000776497
928 4007 4057 4073 4100 4135 4142 4143 4149 4174 4177 4186 4232 4236 4240 4245 4252 4257 4260 4263 4272 4279 4288 4298 4326 4328 4353 4358 4386 4407 4420 4446 4457 4458 4477 4492 4500 4504 4534 4556 4597 4663 4672 4679 4729 4801 4818 4831 4837 4847 4857 4878 4905 4911 4913 4928 
#module 55 size: 65 bs: 6.55032e-15
953 4008 4018 4025 4028 4046 4051 4085 4103 4115 4122 4126 4132 4137 4139 4145 4160 4164 4167 4170 4187 4205 4231 4289 4317 4359 4371 4376 4379 4394 4418 4419 4421 4451 4455 4479 4485 4489 4510 4522 4535 4537 4550 4562 4564 4575 4577 4578 4580 4628 4637 4655 4687 4698 4705 4742 4753 4827 4861 4883 4893 4908 4927 4933 4953 
#module 56 size: 55 bs: 2.34599e-08
918 4015 4037 4062 4072 4128 4136 4141 4148 4163 4165 4179 4211 4249 4261 4267 4286 4301 4305 4315 4321 4340 4354 4355 4360 4380 4414 4428 4434 4476 4507 4509 4531 4532 4559 4569 4594 4598 4613 4624 4657 4695 4713 4767 4790 4796 4811 4820 4824 4839 4879 4880 4881 4889 4918 
#module 57 size: 59 bs: 9.57037e-09
940 4019 4032 4069 4093 4094 4098 4101 4118 4124 4146 4152 4185 4193 4195 4199 4208 4228 4243 4247 4262 4304 4325 4337 4362 4406 4411 4426 4460 4461 4520 4524 4530 4560 4572 4573 4605 4610 4615 4650 4665 4673 4704 4717 4737 4747 4761 4765 4769 4779 4783 4792 4805 4829 4843 4876 4932 4938 4940 
#module 58 size: 58 bs: 4.73191e-11
934 1011 1022 1027 1040 1041 1049 1061 1064 1083 1121 1206 1273 1287 1293 1333 1364 1367 1370 1387 1392 1402 1405 1437 1456 1473 1487 1495 1497 1516 1529 1586 1600 1603 1606 1608 1617 1620 1623 1632 1666 1681 1712 1716 1727 1732 1743 1749 1770 1782 1813 1835 1849 1859 1868 1874 1898 1934 
#module 59 size: 58 bs: 4.73191e-11
934 2011 2022 2027 2040 2041 2049 2061 2064 2083 2121 2206 2273 2287 2293 2333 2364 2367 2370 2387 2392 2402 2405 2437 2456 2473 2487 2495 2497 2516 2529 2586 2600 2603 2606 2608 2617 2620 2623 2632 2666 2681 2712 2716 2727 2732 2743 2749 2770 2782 2813 2835 2849 2859 2868 2874 2898 2934 
#module 60 size: 58 bs: 4.73191e-11
934 3011 3022 3027 3040 3041 3049 3061 3064 3083 3121 3206 3273 3287 3293 3333 3364 3367 3370 3387 3392 3402 3405 3437 3456 3473 3487 3495 3497 3516 3529 3586 3600 3603 3606 3608 3617 3620 3623 3632 3666 3681 3712 3716 3727 3732 3743 3749 3770 3782 3813 3835 3849 3859 3868 3874 3898 3934 
#module 61 size: 55 bs: 1.34337e-14
6 12 20 39 82 105 114 116 120 168 182 204 221 233 246 274 308 311 318 332 342 365 417 459 463 471 515 528 563 571 581 583 589 644 647 675 682 703 709 730 734 738 754 776 784 802 815 848 851 860 871 904 914 923 926 
#module 62 size: 56 bs: 1.34337e-14
926 2006 2012 2020 2039 2082 2105 2114 2116 2120 2168 2182 2204 2221 2233 2246 2274 2308 2311 2318 2332 2342 2365 2417 2459 2463 2471 2515 2528 2563 2571 2581 2583 2589 2644 2647 2675 2682 2703 2709 2730 2734 2738 2754 2776 2784 2802 2815 2848 2851 2860 2871 2904 2914 2923 2926 
#module 63 size: 55 bs: 4.43704e-11
7 57 73 100 135 142 143 149 174 177 186 232 236 240 245 252 257 260 263 272 279 288 298 326 328 353 358 386 407 420 446 457 458 477 492 500 504 534 556 597 663 672 679 729 801 818 831 837 847 857 878 905 911 913 928 
#module 64 size: 64 bs: 3.85025e-13
8 18 25 28 46 51 85 103 115 122 126 132 137 139 145 160 164 167 170 187 205 231 289 317 359 371 376 379 394 418 419 421 451 455 479 485 489 510 522 535 537 550 562 564 575 577 578 580 628 637 655 687 698 705 742 753 827 861 883 893 908 927 933 953 
#module 65 size: 54 bs: 6.21725e-15
15 37 62 72 128 136 141 148 163 165 179 211 249 261 267 286 301 305 315 321 340 354 355 360 380 414 428 434 476 507 509 531 532 559 569 594 598 613 624 657 695 713 767 790 796 811 820 824 839 879 880 881 889 918 
#module 66 size: 58 bs: 2.28706e-14
19 32 69 93 94 98 101 118 124 146 152 185 193 195 199 208 228 243 247 262 304 325 337 362 406 411 426 460 461 520 524 530 560 572 573 605 610 615 650 665 673 704 717 737 747 761 765 769 779 783 792 805 829 843 876 932 938 940 
#module 67 size: 58 bs: 4.73191e-11
934 4011 4022 4027 4040 4041 4049 4061 4064 4083 4121 4206 4273 4287 4293 4333 4364 4367 4370 4387 4392 4402 4405 4437 4456 4473 4487 4495 4497 4516 4529 4586 4600 4603 4606 4608 4617 4620 4623 4632 4666 4681 4712 4716 4727 4732 4743 4749 4770 4782 4813 4835 4849 4859 4868 4874 4898 4934 
#module 68 size: 15 bs: 0.167629
764 774 781 791 836 846 850 865 872 885 886 887 892 899 907 
#module 69 size: 71 bs: 0.577702
993 2004 2010 2031 2036 2050 2076 2079 2086 2102 2107 2131 2134 2155 2158 2196 2207 2216 2222 2224 2227 2254 2268 2269 2271 2302 2314 2324 2331 2334 2347 2352 2377 2382 2385 2390 2393 2408 2409 2410 2423 2438 2439 2441 2447 2465 2486 2503 2505 2539 2544 2592 2599 2601 2622 2630 2643 2645 2659 2671 2958 2959 2963 2972 2973 2983 2984 2987 2989 2993 2994 
#module 70 size: 22 bs: 1.05125
2685 2688 2699 2702 2708 2721 2764 2774 2781 2791 2836 2846 2850 2865 2872 2885 2886 2887 2892 2899 2907 2919 
#module 71 size: 77 bs: 0.163716
4 10 31 36 50 76 79 86 102 107 131 134 155 158 196 207 216 222 224 227 254 268 269 271 302 314 324 331 334 347 352 377 382 385 390 393 408 409 410 423 438 439 441 447 465 486 503 505 539 544 592 599 601 622 630 643 645 659 671 685 688 699 702 708 721 919 958 959 963 972 973 983 984 987 989 993 994 
#module 72 size: 77 bs: 0.549515
993 1004 1010 1031 1036 1050 1076 1079 1086 1102 1107 1131 1134 1155 1158 1196 1207 1216 1222 1224 1227 1254 1268 1269 1271 1302 1314 1324 1331 1334 1347 1352 1377 1382 1385 1390 1393 1408 1409 1410 1423 1438 1439 1441 1447 1465 1486 1503 1505 1539 1544 1592 1599 1601 1622 1630 1643 1645 1659 1671 1685 1688 1699 1702 1708 1721 1958 1959 1963 1972 1973 1983 1984 1987 1989 1993 1994 
#module 73 size: 77 bs: 0.229372
993 4004 4010 4031 4036 4050 4076 4079 4086 4102 4107 4131 4134 4155 4158 4196 4207 4216 4222 4224 4227 4254 4268 4269 4271 4302 4314 4324 4331 4334 4347 4352 4377 4382 4385 4390 4393 4408 4409 4410 4423 4438 4439 4441 4447 4465 4486 4503 4505 4539 4544 4592 4599 4601 4622 4630 4643 4645 4659 4671 4685 4688 4699 4702 4708 4721 4958 4959 4963 4972 4973 4983 4984 4987 4989 4993 4994 
#module 74 size: 77 bs: 0.842141
993 3004 3010 3031 3036 3050 3076 3079 3086 3102 3107 3131 3134 3155 3158 3196 3207 3216 3222 3224 3227 3254 3268 3269 3271 3302 3314 3324 3331 3334 3347 3352 3377 3382 3385 3390 3393 3408 3409 3410 3423 3438 3439 3441 3447 3465 3486 3503 3505 3539 3544 3592 3599 3601 3622 3630 3643 3645 3659 3671 3685 3688 3699 3702 3708 3721 3958 3959 3963 3972 3973 3983 3984 3987 3989 3993 3994 
